   150000.094   -0.32911918E+01  -0.29146080E+01  -0.18630001E+01   0.10000000E+03   0.15000100E+06   0.10000000E-06
   150000.203   -0.50205775E+01  -0.46465278E+01  -0.35731083E+01   0.10000000E+03   0.15000100E+06   0.10000000E-06
   150000.297   -0.54760397E+01  -0.51016653E+01  -0.37985753E+01   0.10000000E+03   0.15000100E+06   0.10000000E-06
   150000.406   -0.57785473E+01  -0.53949603E+01  -0.40802766E+01   0.10000000E+03   0.15000100E+06   0.10000000E-06
   150000.500   -0.75464128E+01  -0.71217754E+01  -0.58248494E+01   0.10000000E+03   0.15000100E+06   0.10000000E-06
   150000.594   -0.90082701E+01  -0.84954355E+01  -0.70619307E+01   0.10000000E+03   0.15000100E+06   0.10000000E-06
   150000.703   -0.10305538E+02  -0.98619500E+01  -0.84780872E+01   0.10000000E+03   0.15000100E+06   0.10000000E-06
   150000.797   -0.11685512E+02  -0.11171189E+02  -0.97319693E+01   0.10000000E+03   0.15000100E+06   0.10000000E-06
   150000.906   -0.12957345E+02  -0.12210839E+02  -0.11058149E+02   0.10000000E+03   0.15000100E+06   0.10000000E-06
   150001.000   -0.14281840E+02  -0.12873034E+02  -0.12371222E+02   0.10000000E+03   0.15000100E+06   0.10000000E-06
   150001.094   -0.32853501E+01  -0.29098528E+01  -0.18609252E+01   0.10000000E+03   0.15000200E+06   0.10000000E-06
   150001.203   -0.50658971E+01  -0.46744402E+01  -0.34988274E+01   0.10000000E+03   0.15000200E+06   0.10000000E-06
   150001.297   -0.67533281E+01  -0.63516568E+01  -0.51810425E+01   0.10000000E+03   0.15000200E+06   0.10000000E-06
   150001.406   -0.83684596E+01  -0.79352546E+01  -0.66189593E+01   0.10000000E+03   0.15000200E+06   0.10000000E-06
   150001.500   -0.98802030E+01  -0.94791979E+01  -0.81690153E+01   0.10000000E+03   0.15000200E+06   0.10000000E-06
   150001.594   -0.11374006E+02  -0.10829108E+02  -0.93597055E+01   0.10000000E+03   0.15000200E+06   0.10000000E-06
   150001.703   -0.12610270E+02  -0.12004494E+02  -0.10712183E+02   0.10000000E+03   0.15000200E+06   0.10000000E-06
   150001.797   -0.13951123E+02  -0.12705055E+02  -0.12005292E+02   0.10000000E+03   0.15000200E+06   0.10000000E-06
   150001.906   -0.15247041E+02  -0.13209658E+02  -0.13331869E+02   0.10000000E+03   0.15000200E+06   0.10000000E-06
   150002.000   -0.16572876E+02  -0.13496985E+02  -0.14665461E+02   0.10000000E+03   0.15000200E+06   0.10000000E-06
   150002.094   -0.32830474E+01  -0.29077014E+01  -0.18583137E+01   0.10000000E+03   0.15000300E+06   0.10000000E-06
   150002.203   -0.50518533E+01  -0.46593959E+01  -0.34674427E+01   0.10000000E+03   0.15000300E+06   0.10000000E-06
   150002.297   -0.67068915E+01  -0.63102495E+01  -0.51642456E+01   0.10000000E+03   0.15000300E+06   0.10000000E-06
   150002.406   -0.83269196E+01  -0.78956127E+01  -0.65918245E+01   0.10000000E+03   0.15000300E+06   0.10000000E-06
   150002.500   -0.98509875E+01  -0.94602570E+01  -0.82108614E+01   0.10000000E+03   0.15000300E+06   0.10000000E-06
   150002.594   -0.11416601E+02  -0.10904118E+02  -0.94735062E+01   0.10000000E+03   0.15000300E+06   0.10000000E-06
   150002.703   -0.12631342E+02  -0.12049229E+02  -0.10876938E+02   0.10000000E+03   0.15000300E+06   0.10000000E-06
   150002.797   -0.13326486E+02  -0.12445016E+02  -0.11618560E+02   0.10000000E+03   0.15000300E+06   0.10000000E-06
   150002.906   -0.13675031E+02  -0.12600190E+02  -0.11904683E+02   0.10000000E+03   0.15000300E+06   0.10000000E-06
   150003.000   -0.13899527E+02  -0.12712389E+02  -0.12132186E+02   0.10000000E+03   0.15000300E+06   0.10000000E-06
   150003.094   -0.32807762E+01  -0.29055609E+01  -0.18557601E+01   0.10000000E+03   0.15000400E+06   0.10000000E-06
   150003.203   -0.50452703E+01  -0.46514562E+01  -0.34491894E+01   0.10000000E+03   0.15000400E+06   0.10000000E-06
   150003.297   -0.66935000E+01  -0.62963955E+01  -0.51508761E+01   0.10000000E+03   0.15000400E+06   0.10000000E-06
   150003.406   -0.83047577E+01  -0.78689833E+01  -0.65514909E+01   0.10000000E+03   0.15000400E+06   0.10000000E-06
   150003.500   -0.98066104E+01  -0.94159217E+01  -0.81476895E+01   0.10000000E+03   0.15000400E+06   0.10000000E-06
   150003.594   -0.98818786E+01  -0.94877085E+01  -0.81797002E+01   0.10000000E+03   0.15000400E+06   0.10000000E-06
   150003.703   -0.98864760E+01  -0.94974993E+01  -0.82055632E+01   0.10000000E+03   0.15000400E+06   0.10000000E-06
   150003.797   -0.93574597E+01  -0.89676257E+01  -0.76740037E+01   0.10000000E+03   0.15000400E+06   0.10000000E-06
   150003.906   -0.93557921E+01  -0.89671118E+01  -0.76756636E+01   0.10000000E+03   0.15000400E+06   0.10000000E-06
   150004.000   -0.89912136E+01  -0.86015946E+01  -0.73083405E+01   0.10000000E+03   0.15000400E+06   0.10000000E-06
   150004.094   -0.32785269E+01  -0.29034144E+01  -0.18533340E+01   0.10000000E+03   0.15000500E+06   0.10000000E-06
   150004.203   -0.50440189E+01  -0.46494126E+01  -0.34414496E+01   0.10000000E+03   0.15000500E+06   0.10000000E-06
   150004.297   -0.67100312E+01  -0.63109176E+01  -0.51613486E+01   0.10000000E+03   0.15000500E+06   0.10000000E-06
   150004.406   -0.83232055E+01  -0.78684952E+01  -0.65185556E+01   0.10000000E+03   0.15000500E+06   0.10000000E-06
   150004.500   -0.97954366E+01  -0.93975685E+01  -0.81006937E+01   0.10000000E+03   0.15000500E+06   0.10000000E-06
   150004.594   -0.99339504E+01  -0.95497603E+01  -0.82759593E+01   0.10000000E+03   0.15000500E+06   0.10000000E-06
   150004.703   -0.10026436E+02  -0.96340241E+01  -0.83357831E+01   0.10000000E+03   0.15000500E+06   0.10000000E-06
   150004.797   -0.11660238E+02  -0.11177520E+02  -0.97989822E+01   0.10000000E+03   0.15000500E+06   0.10000000E-06
   150004.906   -0.12378502E+02  -0.11905452E+02  -0.10780769E+02   0.10000000E+03   0.15000500E+06   0.10000000E-06
   150005.000   -0.13214746E+02  -0.12371741E+02  -0.11545635E+02   0.10000000E+03   0.15000500E+06   0.10000000E-06
   150005.094   -0.32765338E+01  -0.29014537E+01  -0.18511032E+01   0.10000000E+03   0.15000600E+06   0.10000000E-06
   150005.203   -0.50515707E+01  -0.46573932E+01  -0.34473544E+01   0.10000000E+03   0.15000600E+06   0.10000000E-06
   150005.297   -0.67246444E+01  -0.63233269E+01  -0.51661156E+01   0.10000000E+03   0.15000600E+06   0.10000000E-06
   150005.406   -0.83305281E+01  -0.78725483E+01  -0.65203863E+01   0.10000000E+03   0.15000600E+06   0.10000000E-06
   150005.500   -0.98077406E+01  -0.94104772E+01  -0.81267349E+01   0.10000000E+03   0.15000600E+06   0.10000000E-06
   150005.594   -0.94632995E+01  -0.90753103E+01  -0.77871907E+01   0.10000000E+03   0.15000600E+06   0.10000000E-06
   150005.703   -0.91217897E+01  -0.87301115E+01  -0.74334634E+01   0.10000000E+03   0.15000600E+06   0.10000000E-06
   150005.797   -0.94572088E+01  -0.90700008E+01  -0.77811470E+01   0.10000000E+03   0.15000600E+06   0.10000000E-06
   150005.906   -0.97389251E+01  -0.93508057E+01  -0.80601788E+01   0.10000000E+03   0.15000600E+06   0.10000000E-06
   150006.000   -0.99989889E+01  -0.96108104E+01  -0.83200801E+01   0.10000000E+03   0.15000600E+06   0.10000000E-06
   150006.094   -0.32745848E+01  -0.28996434E+01  -0.18492758E+01   0.10000000E+03   0.15000700E+06   0.10000000E-06
   150006.203   -0.50628637E+01  -0.46661994E+01  -0.34500234E+01   0.10000000E+03   0.15000700E+06   0.10000000E-06
   150006.297   -0.68002836E+01  -0.63888396E+01  -0.51923528E+01   0.10000000E+03   0.15000700E+06   0.10000000E-06
   150006.406   -0.84166248E+01  -0.79358122E+01  -0.65544794E+01   0.10000000E+03   0.15000700E+06   0.10000000E-06
   150006.500   -0.98808544E+01  -0.94753375E+01  -0.81750466E+01   0.10000000E+03   0.15000700E+06   0.10000000E-06
   150006.594   -0.90788176E+01  -0.86888213E+01  -0.73956207E+01   0.10000000E+03   0.15000700E+06   0.10000000E-06
   150006.703   -0.90546015E+01  -0.86618090E+01  -0.73635524E+01   0.10000000E+03   0.15000700E+06   0.10000000E-06
   150006.797   -0.92230345E+01  -0.88337582E+01  -0.75416561E+01   0.10000000E+03   0.15000700E+06   0.10000000E-06
   150006.906   -0.94439765E+01  -0.90546884E+01  -0.77624465E+01   0.10000000E+03   0.15000700E+06   0.10000000E-06
   150007.000   -0.96286602E+01  -0.92392225E+01  -0.79466614E+01   0.10000000E+03   0.15000700E+06   0.10000000E-06
   150007.094   -0.32728936E+01  -0.28980829E+01  -0.18478254E+01   0.10000000E+03   0.15000800E+06   0.10000000E-06
   150007.203   -0.50887557E+01  -0.46891851E+01  -0.34668998E+01   0.10000000E+03   0.15000800E+06   0.10000000E-06
   150007.297   -0.68421972E+01  -0.64177628E+01  -0.51417045E+01   0.10000000E+03   0.15000800E+06   0.10000000E-06
   150007.406   -0.84435631E+01  -0.79602996E+01  -0.65992759E+01   0.10000000E+03   0.15000800E+06   0.10000000E-06
   150007.500   -0.99214968E+01  -0.95139228E+01  -0.82331359E+01   0.10000000E+03   0.15000800E+06   0.10000000E-06
   150007.594   -0.90174994E+01  -0.86271228E+01  -0.73329215E+01   0.10000000E+03   0.15000800E+06   0.10000000E-06
   150007.703   -0.88440400E+01  -0.84511742E+01  -0.71529610E+01   0.10000000E+03   0.15000800E+06   0.10000000E-06
   150007.797   -0.89732432E+01  -0.85833019E+01  -0.72903944E+01   0.10000000E+03   0.15000800E+06   0.10000000E-06
   150007.906   -0.91735360E+01  -0.87836879E+01  -0.74909228E+01   0.10000000E+03   0.15000800E+06   0.10000000E-06
   150008.000   -0.93208520E+01  -0.89308004E+01  -0.76375745E+01   0.10000000E+03   0.15000800E+06   0.10000000E-06
   150008.094   -0.32716615E+01  -0.28969995E+01  -0.18471944E+01   0.10000000E+03   0.15000900E+06   0.10000000E-06
   150008.203   -0.51125363E+01  -0.47121083E+01  -0.34906901E+01   0.10000000E+03   0.15000900E+06   0.10000000E-06
   150008.297   -0.69287855E+01  -0.65078921E+01  -0.52589660E+01   0.10000000E+03   0.15000900E+06   0.10000000E-06
   150008.406   -0.85771069E+01  -0.80686261E+01  -0.66650100E+01   0.10000000E+03   0.15000900E+06   0.10000000E-06
   150008.500   -0.10002099E+02  -0.95819581E+01  -0.82728524E+01   0.10000000E+03   0.15000900E+06   0.10000000E-06
   150008.594   -0.89238498E+01  -0.85400561E+01  -0.72352691E+01   0.10000000E+03   0.15000900E+06   0.10000000E-06
   150008.703   -0.87350190E+01  -0.83482007E+01  -0.70397219E+01   0.10000000E+03   0.15000900E+06   0.10000000E-06
   150008.797   -0.88712561E+01  -0.84876441E+01  -0.71820112E+01   0.10000000E+03   0.15000900E+06   0.10000000E-06
   150008.906   -0.90774183E+01  -0.86939262E+01  -0.73881828E+01   0.10000000E+03   0.15000900E+06   0.10000000E-06
   150009.000   -0.92307929E+01  -0.88470913E+01  -0.75411436E+01   0.10000000E+03   0.15000900E+06   0.10000000E-06
   150009.094   -0.32706586E+01  -0.28962325E+01  -0.18472045E+01   0.10000000E+03   0.15001000E+06   0.10000000E-06
   150009.203   -0.51262153E+01  -0.47217801E+01  -0.34917256E+01   0.10000000E+03   0.15001000E+06   0.10000000E-06
   150009.297   -0.69228367E+01  -0.65000163E+01  -0.52286440E+01   0.10000000E+03   0.15001000E+06   0.10000000E-06
   150009.406   -0.85747579E+01  -0.80683821E+01  -0.66775924E+01   0.10000000E+03   0.15001000E+06   0.10000000E-06
   150009.500   -0.99961782E+01  -0.95800257E+01  -0.82851711E+01   0.10000000E+03   0.15001000E+06   0.10000000E-06
   150009.594   -0.88740323E+01  -0.84819160E+01  -0.71666958E+01   0.10000000E+03   0.15001000E+06   0.10000000E-06
   150009.703   -0.86046070E+01  -0.82190753E+01  -0.69222317E+01   0.10000000E+03   0.15001000E+06   0.10000000E-06
   150009.797   -0.87398039E+01  -0.83554584E+01  -0.70498059E+01   0.10000000E+03   0.15001000E+06   0.10000000E-06
   150009.906   -0.89390242E+01  -0.85547808E+01  -0.72484568E+01   0.10000000E+03   0.15001000E+06   0.10000000E-06
   150010.000   -0.90788249E+01  -0.86943236E+01  -0.73877503E+01   0.10000000E+03   0.15001000E+06   0.10000000E-06
