972
14
22
125
127
138
143
150
155
185
233
246
261
306
330
347
375
383
385
397
408
414
425
445
448
455
498
584
598
680
700
722
741
756
852
856
877
879
886
892
921
945
948
993
994
1020
1026
1049
1052
1087
1109
1127
1150
1199
1203
1205
1216
1229
1251
1257
1265
1299
1330
1394
1397
1400
1440
1445
1449
1493
1495
1496
1503
1527
1533
1534
1544
1616
1700
1721
1724
1769
1785
1798
1808
1810
1848
1868
1878
1920
1929
2006
2028
2092
2103
2128
2129
2154
2161
2185
2196
2200
2207
2213
2239
2258
2288
2290
2299
2307
2344
2358
2362
2399
2466
2479
2496
2508
2511
2520
2535
2542
2576
2593
2605
2607
2620
2629
2633
2641
2648
2661
2675
2697
2719
2757
2773
2779
2789
2795
2823
2838
2848
2871
2907
2918
2943
2963
2964
2965
2980
3031
3033
3051
3066
3143
3156
3196
3201
3214
3249
3256
3259
3260
3299
3316
3328
3335
3336
3362
3370
3375
3389
3407
3447
3470
3497
3501
3547
3557
3563
3565
3569
3570
3582
3588
3602
3620
3651
3664
3670
3718
3719
3720
3728
3752
3776
3820
3832
3915
3968
3986
4028
4030
4046
4110
4128
4199
4207
4226
4231
4255
4261
4282
4288
4298
4304
4306
4317
4322
4335
4351
4402
4406
4424
4426
4427
4469
4494
4545
4569
4595
4598
4599
4624
4631
4713
4735
4741
4755
4783
4798
4801
4826
4853
4870
4872
4927
4942
4943
4958
4964
4969
4987
5005
5008
5013
5015
5037
5052
5055
5074
5102
5122
5139
5144
5159
5170
5194
5196
5224
5245
5347
5350
5378
5390
5397
5416
5419
5437
5506
5526
5528
5533
5564
5575
5577
5602
5610
5611
5631
5653
5659
5666
5682
5707
5718
5721
5733
5738
5758
5776
5778
5790
5798
5877
5890
5891
5968
6019
6023
6047
6051
6062
6075
6080
6127
6223
6230
6231
6242
6261
6267
6274
6283
6299
6301
6349
6350
6354
6393
6413
6427
6437
6443
6447
6451
6465
6477
6510
6544
6595
6596
6616
6629
6633
6699
6704
6706
6713
6720
6747
6769
6814
6831
6832
6839
6870
6875
6876
6905
6928
6948
6952
6962
6984
7009
7020
7060
7084
7105
7114
7141
7149
7159
7163
7169
7180
7181
7207
7218
7219
7241
7263
7305
7326
7328
7346
7462
7499
7532
7574
7615
7690
7701
7714
7738
7751
7763
7817
7819
7849
7857
7889
7894
7933
7961
7971
7990
7997
8016
8021
8053
8075
8083
8099
8104
8127
8146
8163
8190
8202
8203
8238
8244
8248
8263
8281
8287
8290
8297
8305
8327
8331
8339
8395
8423
8440
8478
8499
8514
8520
8537
8543
8569
8657
8676
8712
8714
8742
8765
8776
8799
8820
8835
8844
8891
8898
8902
8942
8981
8982
8988
8994
9007
9026
9051
9054
9152
9184
9221
9288
9289
9315
9344
9351
9413
9418
9424
9443
9446
9475
9534
9544
9585
9601
9620
9627
9646
9659
9683
9685
9720
9736
9738
9797
9801
9810
9830
9836
9844
9872
9923
9926
9936
9938
9949
9966
9981
10010
10061
10068
10083
10085
10090
10094
10101
10119
10134
10135
10246
10278
10288
10292
10311
10355
10377
10388
10393
10404
10414
10423
10446
10447
10482
10487
10488
10541
10562
10582
10603
10608
10610
10642
10662
10692
10699
10730
10794
10802
10810
10864
10913
10938
10942
10945
10951
10984
10986
11037
11077
11118
11151
11154
11189
11190
11225
11307
11309
11313
11325
11356
11360
11364
11407
11426
11433
11442
11501
11519
11546
11547
11549
11565
11604
11632
11633
11638
11683
11688
11712
11732
11733
11749
11754
11760
11764
11780
11781
11804
11822
11858
11884
11896
11914
11935
11942
11953
11966
12008
12041
12067
12070
12081
12117
12128
12136
12152
12158
12166
12190
12205
12233
12238
12265
12278
12331
12353
12374
12379
12424
12458
12478
12482
12493
12498
12502
12530
12531
12540
12596
12597
12607
12627
12704
12717
12733
12734
12736
12745
12790
12798
12834
12864
12865
12873
12879
12904
12910
12920
12921
12987
12997
13016
13023
13033
13043
13047
13060
13122
13127
13150
13169
13171
13190
13208
13213
13226
13247
13269
13307
13314
13319
13361
13419
13420
13428
13465
13466
13468
13515
13534
13580
13590
13602
13610
13640
13658
13667
13686
13695
13729
13736
13757
13762
13764
13767
13770
13787
13793
13796
13802
13807
13817
13853
13865
13876
13878
13890
13893
13898
13910
13917
13931
14024
14056
14108
14120
14133
14166
14218
14238
14241
14245
14264
14266
14275
14286
14319
14322
14330
14349
14350
14366
14378
14388
14394
14435
14437
14460
14483
14544
14571
14579
14589
14595
14666
14682
14704
14710
14712
14724
14731
14809
14820
14832
14847
14862
14937
14938
14955
14985
14986
15017
15042
15133
15137
15164
15176
15181
15206
15210
15229
15241
15262
15271
15275
15293
15297
15302
15303
15318
15350
15364
15366
15372
15379
15385
15433
15445
15499
15515
15516
15528
15529
15572
15607
15684
15709
15734
15765
15780
15788
15818
15849
15850
15926
15953
15957
15961
15971
15973
15977
15987
16068
16105
16106
16198
16201
16204
16205
16213
16222
16246
16306
16307
16321
16340
16357
16381
16430
16433
16468
16479
16485
16506
16540
16554
16562
16566
16579
16587
16592
16593
16613
16615
16620
16647
16653
16663
16674
16688
16691
16703
16753
16792
16806
16872
16906
16930
16942
16947
16996
17004
17012
17016
17020
17034
17050
17062
17074
17168
17218
17222
17252
17287
17353
17378
17413
17435
17445
17462
17470
17479
17490
17523
17587
17596
17622
17637
17675
17707
17711
17752
17814
17816
17858
17869
17885
17893
17899
17910
17931
17950
17980
17998
18013
18030
18043
18091
18092
18101
18105
18139
18198
18236
18239
18325
18345
18381
18383
18394
18397
18413
18421
18511
18523
18600
18608
18609
18610
18639
18683
18693
18700
18760
18762
18773
18810
18814
18829
18850
18875
18877
18880
18897
18906
18954
18994
18999
19012
19014
19089
19097
19104
19105
19163
19213
19228
19230
19235
19240
19250
