954
13
25
38
47
51
55
67
84
116
162
213
222
226
229
278
283
331
334
357
376
382
422
509
529
544
555
607
638
651
667
746
779
785
831
856
899
902
956
957
1006
1009
1024
1034
1108
1109
1143
1148
1149
1161
1179
1206
1212
1263
1277
1304
1310
1330
1334
1343
1370
1373
1377
1387
1406
1441
1501
1563
1592
1656
1659
1771
1791
1805
1850
1856
1867
1876
1880
1896
1920
1942
1946
1952
1959
1969
1971
1977
1989
1992
1994
1999
2004
2039
2043
2065
2118
2134
2168
2170
2188
2216
2229
2230
2237
2238
2239
2326
2340
2358
2389
2395
2433
2443
2500
2508
2510
2527
2539
2548
2549
2564
2574
2581
2584
2587
2588
2613
2616
2633
2648
2651
2675
2723
2735
2773
2784
2801
2805
2855
2872
2873
2895
2911
3073
3092
3120
3127
3132
3136
3137
3154
3160
3168
3186
3208
3231
3262
3280
3283
3336
3373
3394
3400
3424
3444
3454
3463
3468
3480
3488
3506
3515
3543
3554
3573
3577
3606
3629
3653
3654
3681
3751
3853
3933
3957
3978
3992
4071
4083
4094
4113
4181
4190
4191
4210
4214
4229
4240
4305
4318
4320
4363
4367
4410
4425
4428
4437
4448
4462
4463
4479
4489
4498
4517
4531
4568
4584
4599
4656
4668
4674
4681
4733
4738
4743
4777
4849
4863
4873
4874
4883
4886
4890
4930
4934
4936
4951
4983
5036
5104
5118
5129
5134
5135
5172
5183
5191
5217
5235
5237
5261
5264
5266
5305
5308
5356
5402
5414
5451
5485
5508
5578
5586
5600
5637
5659
5661
5685
5697
5743
5810
5819
5836
5849
5852
5899
5902
5931
5939
5942
5968
5994
6037
6050
6080
6098
6117
6169
6196
6253
6290
6360
6373
6388
6391
6412
6487
6507
6538
6541
6552
6591
6625
6637
6642
6653
6677
6696
6763
6787
6810
6833
6834
6854
6889
6892
6900
6948
6955
7015
7038
7133
7137
7146
7168
7187
7215
7224
7262
7309
7322
7330
7379
7416
7419
7436
7448
7460
7481
7487
7499
7508
7512
7535
7540
7571
7575
7581
7595
7605
7616
7619
7629
7667
7741
7831
7880
7908
7930
7931
7951
7958
7965
7970
7986
8012
8038
8054
8066
8076
8098
8125
8131
8166
8230
8321
8331
8348
8394
8398
8414
8450
8494
8495
8520
8551
8562
8577
8605
8615
8618
8625
8639
8654
8656
8660
8662
8709
8727
8731
8742
8779
8799
8805
8822
8857
8864
8871
8899
8912
8920
8928
8941
8942
8947
8953
8964
8979
8991
9025
9037
9038
9055
9056
9095
9118
9150
9173
9197
9208
9229
9233
9234
9244
9252
9288
9291
9292
9297
9306
9355
9379
9432
9459
9474
9504
9548
9586
9616
9622
9634
9649
9659
9663
9699
9785
9793
9794
9798
9825
9845
9848
9857
9872
9895
9900
9962
9972
10017
10045
10058
10081
10099
10107
10146
10195
10203
10219
10243
10257
10319
10353
10400
10408
10412
10431
10442
10464
10466
10471
10495
10496
10497
10530
10535
10550
10574
10603
10639
10654
10663
10664
10684
10685
10686
10707
10740
10747
10752
10756
10793
10797
10804
10825
10842
10861
10899
10912
10961
10988
11081
11092
11099
11122
11144
11145
11194
11195
11215
11217
11266
11267
11269
11270
11278
11292
11306
11331
11340
11344
11355
11377
11408
11409
11445
11451
11459
11470
11471
11477
11498
11522
11545
11548
11579
11599
11638
11640
11658
11686
11713
11727
11732
11751
11753
11774
11779
11784
11791
11822
11902
11906
11932
11942
11962
11998
12015
12036
12076
12097
12107
12115
12133
12145
12146
12159
12202
12224
12254
12266
12283
12304
12415
12419
12468
12480
12483
12520
12587
12603
12604
12678
12681
12694
12743
12748
12763
12768
12803
12814
12868
12899
12910
12926
12931
12939
12971
12979
12980
12991
13014
13026
13033
13055
13060
13069
13102
13129
13158
13189
13190
13202
13230
13241
13262
13277
13316
13331
13344
13351
13360
13370
13379
13394
13425
13435
13449
13454
13572
13597
13598
13614
13632
13669
13698
13718
13732
13758
13828
13882
13907
13915
13923
13941
13945
13947
13948
13951
13997
14008
14020
14030
14041
14062
14068
14085
14091
14092
14098
14109
14127
14162
14165
14173
14179
14200
14205
14208
14221
14232
14245
14257
14264
14286
14288
14312
14317
14358
14405
14414
14422
14436
14482
14483
14496
14512
14516
14529
14564
14613
14618
14642
14653
14690
14691
14720
14756
14787
14809
14848
14880
14901
14926
14938
14946
14958
14984
15011
15013
15025
15035
15048
15063
15103
15133
15138
15161
15163
15171
15208
15217
15226
15286
15294
15302
15360
15365
15379
15387
15396
15473
15511
15524
15539
15563
15571
15628
15655
15659
15663
15697
15736
15777
15792
15803
15813
15833
15841
15891
15918
15931
15950
16068
16088
16117
16123
16192
16194
16222
16227
16232
16245
16272
16287
16308
16330
16333
16337
16363
16374
16406
16441
16454
16475
16482
16486
16529
16532
16534
16535
16548
16553
16572
16661
16662
16678
16708
16738
16752
16760
16773
16775
16783
16790
16792
16808
16810
16816
16822
16824
16873
16913
16937
16972
16992
16996
17011
17016
17025
17033
17041
17073
17084
17099
17118
17204
17225
17240
17298
17308
17309
17317
17332
17333
17373
17412
17413
17438
17560
17561
17572
17583
17586
17596
17635
17643
17656
17679
17694
17703
17708
17713
17720
17755
17826
17848
17851
17853
17867
17895
17955
17959
17974
17980
17990
17992
18027
18046
18050
18063
18066
18068
18069
18075
18091
18147
18191
18192
18202
18203
18205
18208
18271
18307
18351
18382
18400
18404
18407
18417
18421
18424
18461
18464
18465
18479
18511
18519
18525
18553
18569
18595
18639
18658
18680
18685
18686
18696
18699
18703
18724
18732
18740
18762
18767
18776
18790
18813
18816
18820
18837
18857
18891
18901
18902
18966
18968
18987
19022
19024
19057
19064
19069
19119
19142
19149
19159
19168
19189
19195
19219
19228
19230
19243
