   150000.094   -0.45737764E+01  -0.35328597E+01  -0.18874835E+01   0.10000000E+03   0.15000100E+06   0.10000000E-06
   150000.203   -0.62051672E+01  -0.51711540E+01  -0.35502809E+01   0.10000000E+03   0.15000100E+06   0.10000000E-06
   150000.297   -0.80064451E+01  -0.69789584E+01  -0.53858074E+01   0.10000000E+03   0.15000100E+06   0.10000000E-06
   150000.406   -0.72269252E+01  -0.61557268E+01  -0.44701549E+01   0.10000000E+03   0.15000100E+06   0.10000000E-06
   150000.500   -0.72443234E+01  -0.61738150E+01  -0.44883983E+01   0.10000000E+03   0.15000100E+06   0.10000000E-06
   150000.594   -0.86953781E+01  -0.76275720E+01  -0.59429611E+01   0.10000000E+03   0.15000100E+06   0.10000000E-06
   150000.703   -0.10299373E+02  -0.92152770E+01  -0.75174230E+01   0.10000000E+03   0.15000100E+06   0.10000000E-06
   150000.797   -0.11875138E+02  -0.10784113E+02  -0.90814145E+01   0.10000000E+03   0.15000100E+06   0.10000000E-06
   150000.906   -0.13452852E+02  -0.12187035E+02  -0.10653483E+02   0.10000000E+03   0.15000100E+06   0.10000000E-06
   150001.000   -0.15038708E+02  -0.12982364E+02  -0.12239404E+02   0.10000000E+03   0.15000100E+06   0.10000000E-06
   150001.094   -0.45669947E+01  -0.35271350E+01  -0.18853530E+01   0.10000000E+03   0.15000200E+06   0.10000000E-06
   150001.203   -0.62279886E+01  -0.51908799E+01  -0.35582842E+01   0.10000000E+03   0.15000200E+06   0.10000000E-06
   150001.297   -0.80432361E+01  -0.70032187E+01  -0.53609025E+01   0.10000000E+03   0.15000200E+06   0.10000000E-06
   150001.406   -0.98475259E+01  -0.87990752E+01  -0.71293970E+01   0.10000000E+03   0.15000200E+06   0.10000000E-06
   150001.500   -0.11560328E+02  -0.10487219E+02  -0.87854622E+01   0.10000000E+03   0.15000200E+06   0.10000000E-06
   150001.594   -0.13063019E+02  -0.11915620E+02  -0.10264092E+02   0.10000000E+03   0.15000200E+06   0.10000000E-06
   150001.703   -0.14429866E+02  -0.12698317E+02  -0.11636419E+02   0.10000000E+03   0.15000200E+06   0.10000000E-06
   150001.797   -0.15768259E+02  -0.13212330E+02  -0.12977324E+02   0.10000000E+03   0.15000200E+06   0.10000000E-06
   150001.906   -0.17098449E+02  -0.13508617E+02  -0.14308891E+02   0.10000000E+03   0.15000200E+06   0.10000000E-06
   150002.000   -0.18427176E+02  -0.13661339E+02  -0.15658862E+02   0.10000000E+03   0.15000200E+06   0.10000000E-06
   150002.094   -0.45607963E+01  -0.35219271E+01  -0.18833296E+01   0.10000000E+03   0.15000300E+06   0.10000000E-06
   150002.203   -0.62586880E+01  -0.52176390E+01  -0.35717629E+01   0.10000000E+03   0.15000300E+06   0.10000000E-06
   150002.297   -0.80746754E+01  -0.70229629E+01  -0.53459170E+01   0.10000000E+03   0.15000300E+06   0.10000000E-06
   150002.406   -0.97719280E+01  -0.86882431E+01  -0.69845971E+01   0.10000000E+03   0.15000300E+06   0.10000000E-06
   150002.500   -0.11197786E+02  -0.10107087E+02  -0.84040782E+01   0.10000000E+03   0.15000300E+06   0.10000000E-06
   150002.594   -0.12519994E+02  -0.11427988E+02  -0.97355718E+01   0.10000000E+03   0.15000300E+06   0.10000000E-06
   150002.703   -0.13833280E+02  -0.12394412E+02  -0.11054201E+02   0.10000000E+03   0.15000300E+06   0.10000000E-06
   150002.797   -0.15146366E+02  -0.13018270E+02  -0.12369069E+02   0.10000000E+03   0.15000300E+06   0.10000000E-06
   150002.906   -0.16459677E+02  -0.13381263E+02  -0.13683119E+02   0.10000000E+03   0.15000300E+06   0.10000000E-06
   150003.000   -0.17757746E+02  -0.13594058E+02  -0.14976747E+02   0.10000000E+03   0.15000300E+06   0.10000000E-06
   150003.094   -0.45552763E+01  -0.35172596E+01  -0.18814849E+01   0.10000000E+03   0.15000400E+06   0.10000000E-06
   150003.203   -0.62722308E+01  -0.52330019E+01  -0.35932754E+01   0.10000000E+03   0.15000400E+06   0.10000000E-06
   150003.297   -0.81212902E+01  -0.70734673E+01  -0.54054640E+01   0.10000000E+03   0.15000400E+06   0.10000000E-06
   150003.406   -0.98833191E+01  -0.88061155E+01  -0.71036389E+01   0.10000000E+03   0.15000400E+06   0.10000000E-06
   150003.500   -0.11364392E+02  -0.10273239E+02  -0.85678750E+01   0.10000000E+03   0.15000400E+06   0.10000000E-06
   150003.594   -0.12694005E+02  -0.11594536E+02  -0.99102973E+01   0.10000000E+03   0.15000400E+06   0.10000000E-06
   150003.703   -0.14010005E+02  -0.12484806E+02  -0.11233249E+02   0.10000000E+03   0.15000400E+06   0.10000000E-06
   150003.797   -0.15325967E+02  -0.13081274E+02  -0.12551488E+02   0.10000000E+03   0.15000400E+06   0.10000000E-06
   150003.906   -0.16642205E+02  -0.13421614E+02  -0.13867984E+02   0.10000000E+03   0.15000400E+06   0.10000000E-06
   150004.000   -0.17921337E+02  -0.13610994E+02  -0.15153364E+02   0.10000000E+03   0.15000400E+06   0.10000000E-06
   150004.094   -0.45501872E+01  -0.35129720E+01  -0.18800049E+01   0.10000000E+03   0.15000500E+06   0.10000000E-06
   150004.203   -0.62937291E+01  -0.52550473E+01  -0.36170529E+01   0.10000000E+03   0.15000500E+06   0.10000000E-06
   150004.297   -0.81688175E+01  -0.71196826E+01  -0.54483199E+01   0.10000000E+03   0.15000500E+06   0.10000000E-06
   150004.406   -0.99200743E+01  -0.88356756E+01  -0.71313044E+01   0.10000000E+03   0.15000500E+06   0.10000000E-06
   150004.500   -0.11333534E+02  -0.10244893E+02  -0.85428474E+01   0.10000000E+03   0.15000500E+06   0.10000000E-06
   150004.594   -0.12641021E+02  -0.11547040E+02  -0.98648113E+01   0.10000000E+03   0.15000500E+06   0.10000000E-06
   150004.703   -0.13945603E+02  -0.12451071E+02  -0.11175251E+02   0.10000000E+03   0.15000500E+06   0.10000000E-06
   150004.797   -0.15251058E+02  -0.13055209E+02  -0.12482351E+02   0.10000000E+03   0.15000500E+06   0.10000000E-06
   150004.906   -0.16556726E+02  -0.13402362E+02  -0.13788329E+02   0.10000000E+03   0.15000500E+06   0.10000000E-06
   150005.000   -0.17834423E+02  -0.13599354E+02  -0.15072653E+02   0.10000000E+03   0.15000500E+06   0.10000000E-06
   150005.094   -0.45456662E+01  -0.35092206E+01  -0.18789520E+01   0.10000000E+03   0.15000600E+06   0.10000000E-06
   150005.203   -0.63156228E+01  -0.52779807E+01  -0.36435076E+01   0.10000000E+03   0.15000600E+06   0.10000000E-06
   150005.297   -0.82250170E+01  -0.71782557E+01  -0.55132990E+01   0.10000000E+03   0.15000600E+06   0.10000000E-06
   150005.406   -0.10039005E+02  -0.89585945E+01  -0.72567157E+01   0.10000000E+03   0.15000600E+06   0.10000000E-06
   150005.500   -0.11494217E+02  -0.10405378E+02  -0.87033052E+01   0.10000000E+03   0.15000600E+06   0.10000000E-06
   150005.594   -0.12806381E+02  -0.11701095E+02  -0.10033296E+02   0.10000000E+03   0.15000600E+06   0.10000000E-06
   150005.703   -0.14115193E+02  -0.12536420E+02  -0.11349087E+02   0.10000000E+03   0.15000600E+06   0.10000000E-06
   150005.797   -0.15425347E+02  -0.13111814E+02  -0.12660676E+02   0.10000000E+03   0.15000600E+06   0.10000000E-06
   150005.906   -0.16737194E+02  -0.13439966E+02  -0.13972726E+02   0.10000000E+03   0.15000600E+06   0.10000000E-06
   150006.000   -0.18017696E+02  -0.13621449E+02  -0.15253227E+02   0.10000000E+03   0.15000600E+06   0.10000000E-06
   150006.094   -0.45417071E+01  -0.35059724E+01  -0.18783433E+01   0.10000000E+03   0.15000700E+06   0.10000000E-06
   150006.203   -0.63367331E+01  -0.53009927E+01  -0.36733418E+01   0.10000000E+03   0.15000700E+06   0.10000000E-06
   150006.297   -0.82734525E+01  -0.72312036E+01  -0.55807637E+01   0.10000000E+03   0.15000700E+06   0.10000000E-06
   150006.406   -0.10164287E+02  -0.90989125E+01  -0.74019348E+01   0.10000000E+03   0.15000700E+06   0.10000000E-06
   150006.500   -0.11746843E+02  -0.10655540E+02  -0.89503553E+01   0.10000000E+03   0.15000700E+06   0.10000000E-06
   150006.594   -0.13068596E+02  -0.11922533E+02  -0.10294025E+02   0.10000000E+03   0.15000700E+06   0.10000000E-06
   150006.703   -0.14376599E+02  -0.12666624E+02  -0.11611989E+02   0.10000000E+03   0.15000700E+06   0.10000000E-06
   150006.797   -0.15686712E+02  -0.13186525E+02  -0.12924023E+02   0.10000000E+03   0.15000700E+06   0.10000000E-06
   150006.906   -0.16995529E+02  -0.13486193E+02  -0.14233425E+02   0.10000000E+03   0.15000700E+06   0.10000000E-06
   150007.000   -0.18284120E+02  -0.13649990E+02  -0.15513359E+02   0.10000000E+03   0.15000700E+06   0.10000000E-06
   150007.094   -0.45382474E+01  -0.35031981E+01  -0.18781709E+01   0.10000000E+03   0.15000800E+06   0.10000000E-06
   150007.203   -0.63510554E+01  -0.53162840E+01  -0.36923359E+01   0.10000000E+03   0.15000800E+06   0.10000000E-06
   150007.297   -0.83043397E+01  -0.72635329E+01  -0.56185431E+01   0.10000000E+03   0.15000800E+06   0.10000000E-06
   150007.406   -0.10224051E+02  -0.91686430E+01  -0.74847395E+01   0.10000000E+03   0.15000800E+06   0.10000000E-06
   150007.500   -0.11976864E+02  -0.10889136E+02  -0.91821710E+01   0.10000000E+03   0.15000800E+06   0.10000000E-06
   150007.594   -0.13469951E+02  -0.12195944E+02  -0.10678412E+02   0.10000000E+03   0.15000800E+06   0.10000000E-06
   150007.703   -0.14898545E+02  -0.12917377E+02  -0.12115829E+02   0.10000000E+03   0.15000800E+06   0.10000000E-06
   150007.797   -0.16324069E+02  -0.13349519E+02  -0.13545453E+02   0.10000000E+03   0.15000800E+06   0.10000000E-06
   150007.906   -0.17756844E+02  -0.13594822E+02  -0.14972662E+02   0.10000000E+03   0.15000800E+06   0.10000000E-06
   150008.000   -0.18948896E+02  -0.13681926E+02  -0.16163050E+02   0.10000000E+03   0.15000800E+06   0.10000000E-06
   150008.094   -0.45351630E+01  -0.35007511E+01  -0.18782459E+01   0.10000000E+03   0.15000900E+06   0.10000000E-06
   150008.203   -0.63698722E+01  -0.53366693E+01  -0.37191387E+01   0.10000000E+03   0.15000900E+06   0.10000000E-06
   150008.297   -0.83477641E+01  -0.73150249E+01  -0.56994762E+01   0.10000000E+03   0.15000900E+06   0.10000000E-06
   150008.406   -0.60908322E+01  -0.50638382E+01  -0.34563603E+01   0.10000000E+03   0.15000900E+06   0.10000000E-06
   150008.500   -0.60998118E+01  -0.50741302E+01  -0.34701629E+01   0.10000000E+03   0.15000900E+06   0.10000000E-06
   150008.594   -0.85830347E+01  -0.75698716E+01  -0.60275118E+01   0.10000000E+03   0.15000900E+06   0.10000000E-06
   150008.703   -0.10683199E+02  -0.96651152E+01  -0.81043195E+01   0.10000000E+03   0.15000900E+06   0.10000000E-06
   150008.797   -0.12744771E+02  -0.11691063E+02  -0.10162735E+02   0.10000000E+03   0.15000900E+06   0.10000000E-06
   150008.906   -0.14804220E+02  -0.12859257E+02  -0.12221797E+02   0.10000000E+03   0.15000900E+06   0.10000000E-06
   150009.000   -0.16861090E+02  -0.13458847E+02  -0.14279710E+02   0.10000000E+03   0.15000900E+06   0.10000000E-06
   150009.094   -0.45324541E+01  -0.34986528E+01  -0.18786518E+01   0.10000000E+03   0.15001000E+06   0.10000000E-06
   150009.203   -0.64212360E+01  -0.53915543E+01  -0.37894148E+01   0.10000000E+03   0.15001000E+06   0.10000000E-06
   150009.297   -0.85019839E+01  -0.74757023E+01  -0.58868985E+01   0.10000000E+03   0.15001000E+06   0.10000000E-06
   150009.406   -0.10605010E+02  -0.95823585E+01  -0.80047858E+01   0.10000000E+03   0.15001000E+06   0.10000000E-06
   150009.500   -0.12729526E+02  -0.11676507E+02  -0.10139429E+02   0.10000000E+03   0.15001000E+06   0.10000000E-06
   150009.594   -0.31077170E+01  -0.26877717E+01  -0.16735891E+01   0.10000000E+03   0.15001000E+06   0.10000000E-06
   150009.703   -0.35877669E+01  -0.30096376E+01  -0.18016074E+01   0.10000000E+03   0.15001000E+06   0.10000000E-06
   150009.797   -0.40550790E+01  -0.32794269E+01  -0.19040679E+01   0.10000000E+03   0.15001000E+06   0.10000000E-06
   150009.906   -0.44547918E+01  -0.35204433E+01  -0.19992930E+01   0.10000000E+03   0.15001000E+06   0.10000000E-06
   150010.000   -0.48698926E+01  -0.38120280E+01  -0.21604890E+01   0.10000000E+03   0.15001000E+06   0.10000000E-06
   150010.094   -0.40029753E+01  -0.32175025E+01  -0.18125913E+01   0.10000000E+03   0.15001100E+06   0.10000000E-06
   150010.203   -0.58969524E+01  -0.51120234E+01  -0.37092726E+01   0.10000000E+03   0.15001100E+06   0.10000000E-06
   150010.297   -0.79665820E+01  -0.71800124E+01  -0.57712747E+01   0.10000000E+03   0.15001100E+06   0.10000000E-06
   150010.406   -0.10034747E+02  -0.92436290E+01  -0.78255085E+01   0.10000000E+03   0.15001100E+06   0.10000000E-06
   150010.500   -0.12045612E+02  -0.11239733E+02  -0.98160679E+01   0.10000000E+03   0.15001100E+06   0.10000000E-06
   150010.594   -0.47962649E+01  -0.39005719E+01  -0.22560215E+01   0.10000000E+03   0.15001100E+06   0.10000000E-06
   150010.703   -0.57861661E+01  -0.45737378E+01  -0.26401366E+01   0.10000000E+03   0.15001100E+06   0.10000000E-06
   150010.797   -0.66568860E+01  -0.51436740E+01  -0.31249362E+01   0.10000000E+03   0.15001100E+06   0.10000000E-06
   150010.906   -0.71839488E+01  -0.54488342E+01  -0.33341319E+01   0.10000000E+03   0.15001100E+06   0.10000000E-06
   150011.000   -0.74322958E+01  -0.56453183E+01  -0.35825788E+01   0.10000000E+03   0.15001100E+06   0.10000000E-06
   150011.094   -0.39894606E+01  -0.32047761E+01  -0.18152743E+01   0.10000000E+03   0.15001200E+06   0.10000000E-06
   150011.203   -0.58917965E+01  -0.51083773E+01  -0.37236784E+01   0.10000000E+03   0.15001200E+06   0.10000000E-06
   150011.297   -0.79908153E+01  -0.72078336E+01  -0.58249951E+01   0.10000000E+03   0.15001200E+06   0.10000000E-06
   150011.406   -0.69028241E+01  -0.60578695E+01  -0.46765601E+01   0.10000000E+03   0.15001200E+06   0.10000000E-06
   150011.500   -0.69087909E+01  -0.60644688E+01  -0.46825901E+01   0.10000000E+03   0.15001200E+06   0.10000000E-06
   150011.594   -0.48870773E+01  -0.39860403E+01  -0.23212917E+01   0.10000000E+03   0.15001200E+06   0.10000000E-06
   150011.703   -0.59245334E+01  -0.47061945E+01  -0.28007784E+01   0.10000000E+03   0.15001200E+06   0.10000000E-06
   150011.797   -0.67981392E+01  -0.52920155E+01  -0.32156067E+01   0.10000000E+03   0.15001200E+06   0.10000000E-06
   150011.906   -0.73661449E+01  -0.57005396E+01  -0.36157611E+01   0.10000000E+03   0.15001200E+06   0.10000000E-06
   150012.000   -0.75821769E+01  -0.58538211E+01  -0.37982262E+01   0.10000000E+03   0.15001200E+06   0.10000000E-06
   150012.094   -0.39789026E+01  -0.31946654E+01  -0.18170178E+01   0.10000000E+03   0.15001300E+06   0.10000000E-06
   150012.203   -0.59121516E+01  -0.51305324E+01  -0.37629841E+01   0.10000000E+03   0.15001300E+06   0.10000000E-06
   150012.297   -0.80043221E+01  -0.72243330E+01  -0.58649579E+01   0.10000000E+03   0.15001300E+06   0.10000000E-06
   150012.406   -0.78400015E+01  -0.69862503E+01  -0.56193887E+01   0.10000000E+03   0.15001300E+06   0.10000000E-06
   150012.500   -0.78544698E+01  -0.70007570E+01  -0.56339705E+01   0.10000000E+03   0.15001300E+06   0.10000000E-06
   150012.594   -0.49588140E+01  -0.40561886E+01  -0.23840003E+01   0.10000000E+03   0.15001300E+06   0.10000000E-06
   150012.703   -0.60367586E+01  -0.48196274E+01  -0.29391617E+01   0.10000000E+03   0.15001300E+06   0.10000000E-06
   150012.797   -0.69548502E+01  -0.54767525E+01  -0.34294159E+01   0.10000000E+03   0.15001300E+06   0.10000000E-06
   150012.906   -0.75694106E+01  -0.59500139E+01  -0.38848503E+01   0.10000000E+03   0.15001300E+06   0.10000000E-06
   150013.000   -0.77902827E+01  -0.60800203E+01  -0.40248644E+01   0.10000000E+03   0.15001300E+06   0.10000000E-06
   150013.094   -0.39705484E+01  -0.31866024E+01  -0.18187004E+01   0.10000000E+03   0.15001400E+06   0.10000000E-06
   150013.203   -0.59178793E+01  -0.51375159E+01  -0.37836626E+01   0.10000000E+03   0.15001400E+06   0.10000000E-06
   150013.297   -0.80089529E+01  -0.72297251E+01  -0.58810200E+01   0.10000000E+03   0.15001400E+06   0.10000000E-06
   150013.406   -0.81824575E+01  -0.73284051E+01  -0.59604798E+01   0.10000000E+03   0.15001400E+06   0.10000000E-06
   150013.500   -0.81516737E+01  -0.72976051E+01  -0.59293861E+01   0.10000000E+03   0.15001400E+06   0.10000000E-06
   150013.594   -0.50098017E+01  -0.41113396E+01  -0.24493957E+01   0.10000000E+03   0.15001400E+06   0.10000000E-06
   150013.703   -0.61202848E+01  -0.49102382E+01  -0.30307600E+01   0.10000000E+03   0.15001400E+06   0.10000000E-06
   150013.797   -0.70535881E+01  -0.55834203E+01  -0.35674942E+01   0.10000000E+03   0.15001400E+06   0.10000000E-06
   150013.906   -0.76317300E+01  -0.60201107E+01  -0.39698987E+01   0.10000000E+03   0.15001400E+06   0.10000000E-06
   150014.000   -0.78360754E+01  -0.61145705E+01  -0.40470387E+01   0.10000000E+03   0.15001400E+06   0.10000000E-06
   150014.094   -0.39634886E+01  -0.31797572E+01  -0.18195268E+01   0.10000000E+03   0.15001500E+06   0.10000000E-06
   150014.203   -0.59186612E+01  -0.51390094E+01  -0.37941160E+01   0.10000000E+03   0.15001500E+06   0.10000000E-06
   150014.297   -0.80060149E+01  -0.72278271E+01  -0.58924273E+01   0.10000000E+03   0.15001500E+06   0.10000000E-06
   150014.406   -0.93061470E+01  -0.84548652E+01  -0.70703616E+01   0.10000000E+03   0.15001500E+06   0.10000000E-06
   150014.500   -0.87497811E+01  -0.79645157E+01  -0.65995345E+01   0.10000000E+03   0.15001500E+06   0.10000000E-06
   150014.594   -0.29764171E+01  -0.25142405E+01  -0.13519770E+01   0.10000000E+03   0.15001500E+06   0.10000000E-06
   150014.703   -0.35550946E+01  -0.29482681E+01  -0.15759743E+01   0.10000000E+03   0.15001500E+06   0.10000000E-06
   150014.797   -0.40486124E+01  -0.33717133E+01  -0.19091873E+01   0.10000000E+03   0.15001500E+06   0.10000000E-06
   150014.906   -0.42860326E+01  -0.35801010E+01  -0.20529567E+01   0.10000000E+03   0.15001500E+06   0.10000000E-06
   150015.000   -0.43170161E+01  -0.35563599E+01  -0.20556787E+01   0.10000000E+03   0.15001500E+06   0.10000000E-06
   150015.094   -0.48065110E+01  -0.40190497E+01  -0.27309215E+01   0.10000000E+03   0.15001600E+06   0.10000000E-06
   150015.203   -0.40549664E+01  -0.32708894E+01  -0.20072154E+01   0.10000000E+03   0.15001600E+06   0.10000000E-06
   150015.297   -0.60015160E+01  -0.52226942E+01  -0.39952284E+01   0.10000000E+03   0.15001600E+06   0.10000000E-06
   150015.406   -0.80158157E+01  -0.72365803E+01  -0.60048771E+01   0.10000000E+03   0.15001600E+06   0.10000000E-06
   150015.500   -0.91637729E+01  -0.83313127E+01  -0.69569976E+01   0.10000000E+03   0.15001600E+06   0.10000000E-06
   150015.594   -0.50837925E+01  -0.41156946E+01  -0.23508968E+01   0.10000000E+03   0.15001600E+06   0.10000000E-06
   150015.703   -0.61212495E+01  -0.48634354E+01  -0.28246694E+01   0.10000000E+03   0.15001600E+06   0.10000000E-06
   150015.797   -0.67219127E+01  -0.50066798E+01  -0.28068381E+01   0.10000000E+03   0.15001600E+06   0.10000000E-06
   150015.906   -0.69450597E+01  -0.51236932E+01  -0.29530436E+01   0.10000000E+03   0.15001600E+06   0.10000000E-06
   150016.000   -0.71908854E+01  -0.53477468E+01  -0.31917605E+01   0.10000000E+03   0.15001600E+06   0.10000000E-06
   150016.094   -0.39851566E+01  -0.32008609E+01  -0.19410206E+01   0.10000000E+03   0.15001700E+06   0.10000000E-06
   150016.203   -0.58907857E+01  -0.51115609E+01  -0.38918880E+01   0.10000000E+03   0.15001700E+06   0.10000000E-06
   150016.297   -0.79176937E+01  -0.71386896E+01  -0.59115242E+01   0.10000000E+03   0.15001700E+06   0.10000000E-06
   150016.406   -0.91660203E+01  -0.83521871E+01  -0.69959546E+01   0.10000000E+03   0.15001700E+06   0.10000000E-06
   150016.500   -0.98314542E+01  -0.89875272E+01  -0.76134460E+01   0.10000000E+03   0.15001700E+06   0.10000000E-06
   150016.594   -0.51612094E+01  -0.42147365E+01  -0.24326251E+01   0.10000000E+03   0.15001700E+06   0.10000000E-06
   150016.703   -0.62468153E+01  -0.50211596E+01  -0.29616487E+01   0.10000000E+03   0.15001700E+06   0.10000000E-06
   150016.797   -0.69273229E+01  -0.53416219E+01  -0.32134551E+01   0.10000000E+03   0.15001700E+06   0.10000000E-06
   150016.906   -0.71785232E+01  -0.54028418E+01  -0.32247438E+01   0.10000000E+03   0.15001700E+06   0.10000000E-06
   150017.000   -0.73183435E+01  -0.54156720E+01  -0.31983299E+01   0.10000000E+03   0.15001700E+06   0.10000000E-06
   150017.094   -0.39842739E+01  -0.32001871E+01  -0.19385126E+01   0.10000000E+03   0.15001800E+06   0.10000000E-06
   150017.203   -0.59314461E+01  -0.51533739E+01  -0.39313672E+01   0.10000000E+03   0.15001800E+06   0.10000000E-06
   150017.297   -0.79703928E+01  -0.71890669E+01  -0.59446477E+01   0.10000000E+03   0.15001800E+06   0.10000000E-06
   150017.406   -0.95501053E+01  -0.87485899E+01  -0.74103044E+01   0.10000000E+03   0.15001800E+06   0.10000000E-06
   150017.500   -0.10886625E+02  -0.10047608E+02  -0.86691758E+01   0.10000000E+03   0.15001800E+06   0.10000000E-06
   150017.594   -0.52224041E+01  -0.42994861E+01  -0.25063212E+01   0.10000000E+03   0.15001800E+06   0.10000000E-06
   150017.703   -0.63383729E+01  -0.51393190E+01  -0.30712342E+01   0.10000000E+03   0.15001800E+06   0.10000000E-06
   150017.797   -0.71053921E+01  -0.56038526E+01  -0.35087466E+01   0.10000000E+03   0.15001800E+06   0.10000000E-06
   150017.906   -0.74027350E+01  -0.56808925E+01  -0.35109371E+01   0.10000000E+03   0.15001800E+06   0.10000000E-06
   150018.000   -0.75667678E+01  -0.57586722E+01  -0.35932091E+01   0.10000000E+03   0.15001800E+06   0.10000000E-06
   150018.094   -0.39839983E+01  -0.32001230E+01  -0.19375713E+01   0.10000000E+03   0.15001900E+06   0.10000000E-06
   150018.203   -0.59372556E+01  -0.51594719E+01  -0.39366096E+01   0.10000000E+03   0.15001900E+06   0.10000000E-06
   150018.297   -0.79832977E+01  -0.72023857E+01  -0.59599036E+01   0.10000000E+03   0.15001900E+06   0.10000000E-06
   150018.406   -0.96902892E+01  -0.89032507E+01  -0.76179145E+01   0.10000000E+03   0.15001900E+06   0.10000000E-06
   150018.500   -0.11504958E+02  -0.10700663E+02  -0.93572132E+01   0.10000000E+03   0.15001900E+06   0.10000000E-06
   150018.594   -0.52598241E+01  -0.43508616E+01  -0.26165214E+01   0.10000000E+03   0.15001900E+06   0.10000000E-06
   150018.703   -0.64047210E+01  -0.52576603E+01  -0.32733388E+01   0.10000000E+03   0.15001900E+06   0.10000000E-06
   150018.797   -0.71697852E+01  -0.56763490E+01  -0.35863646E+01   0.10000000E+03   0.15001900E+06   0.10000000E-06
   150018.906   -0.74994058E+01  -0.58152339E+01  -0.36684192E+01   0.10000000E+03   0.15001900E+06   0.10000000E-06
   150019.000   -0.76675158E+01  -0.58354481E+01  -0.36607964E+01   0.10000000E+03   0.15001900E+06   0.10000000E-06
   150019.094   -0.39838389E+01  -0.32001921E+01  -0.19386879E+01   0.10000000E+03   0.15002000E+06   0.10000000E-06
   150019.203   -0.59409212E+01  -0.51633919E+01  -0.39418706E+01   0.10000000E+03   0.15002000E+06   0.10000000E-06
   150019.297   -0.79887896E+01  -0.72070012E+01  -0.59597301E+01   0.10000000E+03   0.15002000E+06   0.10000000E-06
   150019.406   -0.10122307E+02  -0.93177622E+01  -0.80033652E+01   0.10000000E+03   0.15002000E+06   0.10000000E-06
   150019.500   -0.12288289E+02  -0.11446060E+02  -0.10086928E+02   0.10000000E+03   0.15002000E+06   0.10000000E-06
   150019.594   -0.32539647E+01  -0.27507550E+01  -0.15206852E+01   0.10000000E+03   0.15002000E+06   0.10000000E-06
   150019.703   -0.38082602E+01  -0.31907057E+01  -0.17682073E+01   0.10000000E+03   0.15002000E+06   0.10000000E-06
   150019.797   -0.40120665E+01  -0.32898831E+01  -0.18320596E+01   0.10000000E+03   0.15002000E+06   0.10000000E-06
   150019.906   -0.40360151E+01  -0.32677448E+01  -0.17497844E+01   0.10000000E+03   0.15002000E+06   0.10000000E-06
   150020.000   -0.39953957E+01  -0.32356360E+01  -0.17126821E+01   0.10000000E+03   0.15002000E+06   0.10000000E-06
   150020.094   -0.39942429E+01  -0.32113009E+01  -0.19044517E+01   0.10000000E+03   0.15002100E+06   0.10000000E-06
   150020.203   -0.59781186E+01  -0.51997005E+01  -0.39123970E+01   0.10000000E+03   0.15002100E+06   0.10000000E-06
   150020.297   -0.80941524E+01  -0.73071574E+01  -0.59748637E+01   0.10000000E+03   0.15002100E+06   0.10000000E-06
   150020.406   -0.10328912E+02  -0.95020191E+01  -0.81164028E+01   0.10000000E+03   0.15002100E+06   0.10000000E-06
   150020.500   -0.97332761E+01  -0.89116076E+01  -0.75542996E+01   0.10000000E+03   0.15002100E+06   0.10000000E-06
   150020.594   -0.49561765E+01  -0.39332555E+01  -0.22327120E+01   0.10000000E+03   0.15002100E+06   0.10000000E-06
   150020.703   -0.57184204E+01  -0.43371373E+01  -0.25347958E+01   0.10000000E+03   0.15002100E+06   0.10000000E-06
   150020.797   -0.60079243E+01  -0.44757460E+01  -0.26187949E+01   0.10000000E+03   0.15002100E+06   0.10000000E-06
   150020.906   -0.63527479E+01  -0.47560927E+01  -0.27863202E+01   0.10000000E+03   0.15002100E+06   0.10000000E-06
   150021.000   -0.67961664E+01  -0.51431306E+01  -0.30782171E+01   0.10000000E+03   0.15002100E+06   0.10000000E-06
   150021.094   -0.39800023E+01  -0.31970813E+01  -0.19038341E+01   0.10000000E+03   0.15002200E+06   0.10000000E-06
   150021.203   -0.59611963E+01  -0.51827505E+01  -0.39074346E+01   0.10000000E+03   0.15002200E+06   0.10000000E-06
   150021.297   -0.80891825E+01  -0.73004795E+01  -0.59752483E+01   0.10000000E+03   0.15002200E+06   0.10000000E-06
   150021.406   -0.10338846E+02  -0.95079714E+01  -0.81292121E+01   0.10000000E+03   0.15002200E+06   0.10000000E-06
   150021.500   -0.95608481E+01  -0.87467184E+01  -0.73916548E+01   0.10000000E+03   0.15002200E+06   0.10000000E-06
   150021.594   -0.50386090E+01  -0.39679697E+01  -0.22433860E+01   0.10000000E+03   0.15002200E+06   0.10000000E-06
   150021.703   -0.57874338E+01  -0.43704550E+01  -0.24826826E+01   0.10000000E+03   0.15002200E+06   0.10000000E-06
   150021.797   -0.65029080E+01  -0.49783354E+01  -0.30010937E+01   0.10000000E+03   0.15002200E+06   0.10000000E-06
   150021.906   -0.69107236E+01  -0.52770985E+01  -0.32646306E+01   0.10000000E+03   0.15002200E+06   0.10000000E-06
   150022.000   -0.71325246E+01  -0.54225310E+01  -0.33559196E+01   0.10000000E+03   0.15002200E+06   0.10000000E-06
   150022.094   -0.39776419E+01  -0.31940245E+01  -0.18923927E+01   0.10000000E+03   0.15002300E+06   0.10000000E-06
   150022.203   -0.59633535E+01  -0.51840822E+01  -0.39003870E+01   0.10000000E+03   0.15002300E+06   0.10000000E-06
   150022.297   -0.80904745E+01  -0.72997577E+01  -0.59647993E+01   0.10000000E+03   0.15002300E+06   0.10000000E-06
   150022.406   -0.10332097E+02  -0.94987157E+01  -0.81149389E+01   0.10000000E+03   0.15002300E+06   0.10000000E-06
   150022.500   -0.93330997E+01  -0.84957968E+01  -0.71346567E+01   0.10000000E+03   0.15002300E+06   0.10000000E-06
   150022.594   -0.50435986E+01  -0.39847263E+01  -0.22366131E+01   0.10000000E+03   0.15002300E+06   0.10000000E-06
   150022.703   -0.59898640E+01  -0.46679820E+01  -0.28167126E+01   0.10000000E+03   0.15002300E+06   0.10000000E-06
   150022.797   -0.67487406E+01  -0.52623424E+01  -0.32856196E+01   0.10000000E+03   0.15002300E+06   0.10000000E-06
   150022.906   -0.71114387E+01  -0.54575510E+01  -0.33560243E+01   0.10000000E+03   0.15002300E+06   0.10000000E-06
   150023.000   -0.72961924E+01  -0.55710055E+01  -0.34961181E+01   0.10000000E+03   0.15002300E+06   0.10000000E-06
   150023.094   -0.39762401E+01  -0.31921748E+01  -0.18869202E+01   0.10000000E+03   0.15002400E+06   0.10000000E-06
   150023.203   -0.59665068E+01  -0.51866403E+01  -0.39003202E+01   0.10000000E+03   0.15002400E+06   0.10000000E-06
   150023.297   -0.80789725E+01  -0.72902567E+01  -0.59581570E+01   0.10000000E+03   0.15002400E+06   0.10000000E-06
   150023.406   -0.10288602E+02  -0.94622207E+01  -0.80804415E+01   0.10000000E+03   0.15002400E+06   0.10000000E-06
   150023.500   -0.91915743E+01  -0.83624142E+01  -0.69997164E+01   0.10000000E+03   0.15002400E+06   0.10000000E-06
   150023.594   -0.50519935E+01  -0.40262852E+01  -0.22925580E+01   0.10000000E+03   0.15002400E+06   0.10000000E-06
   150023.703   -0.60809351E+01  -0.48131572E+01  -0.29429473E+01   0.10000000E+03   0.15002400E+06   0.10000000E-06
   150023.797   -0.68859799E+01  -0.53599013E+01  -0.32939150E+01   0.10000000E+03   0.15002400E+06   0.10000000E-06
   150023.906   -0.72071981E+01  -0.54999822E+01  -0.33594053E+01   0.10000000E+03   0.15002400E+06   0.10000000E-06
   150024.000   -0.73661879E+01  -0.55844854E+01  -0.34346016E+01   0.10000000E+03   0.15002400E+06   0.10000000E-06
   150024.094   -0.39749389E+01  -0.31906576E+01  -0.18836854E+01   0.10000000E+03   0.15002500E+06   0.10000000E-06
   150024.203   -0.59687144E+01  -0.51883668E+01  -0.39015402E+01   0.10000000E+03   0.15002500E+06   0.10000000E-06
   150024.297   -0.80791444E+01  -0.72923828E+01  -0.59665669E+01   0.10000000E+03   0.15002500E+06   0.10000000E-06
   150024.406   -0.10282247E+02  -0.94622901E+01  -0.80851146E+01   0.10000000E+03   0.15002500E+06   0.10000000E-06
   150024.500   -0.12477988E+02  -0.11609618E+02  -0.10246763E+02   0.10000000E+03   0.15002500E+06   0.10000000E-06
   150024.594   -0.31553609E+01  -0.26436763E+01  -0.14321028E+01   0.10000000E+03   0.15002500E+06   0.10000000E-06
   150024.703   -0.36558274E+01  -0.30499678E+01  -0.16755238E+01   0.10000000E+03   0.15002500E+06   0.10000000E-06
   150024.797   -0.38145693E+01  -0.31113871E+01  -0.15976887E+01   0.10000000E+03   0.15002500E+06   0.10000000E-06
   150024.906   -0.38471844E+01  -0.31624481E+01  -0.16818967E+01   0.10000000E+03   0.15002500E+06   0.10000000E-06
   150025.000   -0.38234162E+01  -0.31307201E+01  -0.17071857E+01   0.10000000E+03   0.15002500E+06   0.10000000E-06
   150025.094   -0.39751255E+01  -0.31882007E+01  -0.19303068E+01   0.10000000E+03   0.15002600E+06   0.10000000E-06
   150025.203   -0.59649451E+01  -0.51840021E+01  -0.39508712E+01   0.10000000E+03   0.15002600E+06   0.10000000E-06
   150025.297   -0.80352200E+01  -0.72488759E+01  -0.59763226E+01   0.10000000E+03   0.15002600E+06   0.10000000E-06
   150025.406   -0.10175861E+02  -0.93632559E+01  -0.80269473E+01   0.10000000E+03   0.15002600E+06   0.10000000E-06
   150025.500   -0.12318698E+02  -0.11470339E+02  -0.10104704E+02   0.10000000E+03   0.15002600E+06   0.10000000E-06
   150025.594   -0.48709486E+01  -0.38505528E+01  -0.21930710E+01   0.10000000E+03   0.15002600E+06   0.10000000E-06
   150025.703   -0.57078908E+01  -0.44014078E+01  -0.25490937E+01   0.10000000E+03   0.15002600E+06   0.10000000E-06
   150025.797   -0.62007304E+01  -0.46509343E+01  -0.26642017E+01   0.10000000E+03   0.15002600E+06   0.10000000E-06
   150025.906   -0.66462911E+01  -0.49708988E+01  -0.28087255E+01   0.10000000E+03   0.15002600E+06   0.10000000E-06
   150026.000   -0.70733480E+01  -0.53693555E+01  -0.32274918E+01   0.10000000E+03   0.15002600E+06   0.10000000E-06
   150026.094   -0.40570138E+01  -0.32697784E+01  -0.20091587E+01   0.10000000E+03   0.15002700E+06   0.10000000E-06
   150026.203   -0.46990455E+01  -0.39139828E+01  -0.26671521E+01   0.10000000E+03   0.15002700E+06   0.10000000E-06
   150026.297   -0.67497712E+01  -0.59683573E+01  -0.47334876E+01   0.10000000E+03   0.15002700E+06   0.10000000E-06
   150026.406   -0.87429475E+01  -0.79584078E+01  -0.66985500E+01   0.10000000E+03   0.15002700E+06   0.10000000E-06
   150026.500   -0.10861639E+02  -0.10063951E+02  -0.87552479E+01   0.10000000E+03   0.15002700E+06   0.10000000E-06
   150026.594   -0.48772712E+01  -0.38762190E+01  -0.22201586E+01   0.10000000E+03   0.15002700E+06   0.10000000E-06
   150026.703   -0.57857898E+01  -0.44807801E+01  -0.25915829E+01   0.10000000E+03   0.15002700E+06   0.10000000E-06
   150026.797   -0.65227999E+01  -0.50452276E+01  -0.29909369E+01   0.10000000E+03   0.15002700E+06   0.10000000E-06
   150026.906   -0.69481355E+01  -0.53780494E+01  -0.33482334E+01   0.10000000E+03   0.15002700E+06   0.10000000E-06
   150027.000   -0.72589363E+01  -0.56066262E+01  -0.35562305E+01   0.10000000E+03   0.15002700E+06   0.10000000E-06
   150027.094   -0.39703690E+01  -0.31834264E+01  -0.19222846E+01   0.10000000E+03   0.15002800E+06   0.10000000E-06
   150027.203   -0.59698830E+01  -0.51881731E+01  -0.39496903E+01   0.10000000E+03   0.15002800E+06   0.10000000E-06
   150027.297   -0.80446715E+01  -0.72566125E+01  -0.59785219E+01   0.10000000E+03   0.15002800E+06   0.10000000E-06
   150027.406   -0.10183018E+02  -0.93659247E+01  -0.80240302E+01   0.10000000E+03   0.15002800E+06   0.10000000E-06
   150027.500   -0.12301111E+02  -0.11451055E+02  -0.10081175E+02   0.10000000E+03   0.15002800E+06   0.10000000E-06
   150027.594   -0.48975944E+01  -0.39024120E+01  -0.22305292E+01   0.10000000E+03   0.15002800E+06   0.10000000E-06
   150027.703   -0.58974749E+01  -0.46828117E+01  -0.27874696E+01   0.10000000E+03   0.15002800E+06   0.10000000E-06
   150027.797   -0.67137973E+01  -0.53152825E+01  -0.33872193E+01   0.10000000E+03   0.15002800E+06   0.10000000E-06
   150027.906   -0.71144357E+01  -0.55515404E+01  -0.35248234E+01   0.10000000E+03   0.15002800E+06   0.10000000E-06
   150028.000   -0.73796858E+01  -0.57063346E+01  -0.36296887E+01   0.10000000E+03   0.15002800E+06   0.10000000E-06
   150028.094   -0.43301264E+01  -0.35419308E+01  -0.22742787E+01   0.10000000E+03   0.15002900E+06   0.10000000E-06
   150028.203   -0.42158217E+01  -0.34298090E+01  -0.21754400E+01   0.10000000E+03   0.15002900E+06   0.10000000E-06
   150028.297   -0.62448025E+01  -0.54624018E+01  -0.42213650E+01   0.10000000E+03   0.15002900E+06   0.10000000E-06
   150028.406   -0.82929187E+01  -0.75035213E+01  -0.62186866E+01   0.10000000E+03   0.15002900E+06   0.10000000E-06
   150028.500   -0.10420950E+02  -0.96018922E+01  -0.82556118E+01   0.10000000E+03   0.15002900E+06   0.10000000E-06
   150028.594   -0.49185420E+01  -0.39379161E+01  -0.22699099E+01   0.10000000E+03   0.15002900E+06   0.10000000E-06
   150028.703   -0.59478535E+01  -0.47721409E+01  -0.29013556E+01   0.10000000E+03   0.15002900E+06   0.10000000E-06
   150028.797   -0.68295656E+01  -0.54424287E+01  -0.34830549E+01   0.10000000E+03   0.15002900E+06   0.10000000E-06
   150028.906   -0.72588380E+01  -0.56501868E+01  -0.35419456E+01   0.10000000E+03   0.15002900E+06   0.10000000E-06
   150029.000   -0.74671341E+01  -0.57182649E+01  -0.35836970E+01   0.10000000E+03   0.15002900E+06   0.10000000E-06
   150029.094   -0.39704830E+01  -0.31835933E+01  -0.19270017E+01   0.10000000E+03   0.15003000E+06   0.10000000E-06
   150029.203   -0.59742029E+01  -0.51910713E+01  -0.39472002E+01   0.10000000E+03   0.15003000E+06   0.10000000E-06
   150029.297   -0.80444781E+01  -0.72444573E+01  -0.59284986E+01   0.10000000E+03   0.15003000E+06   0.10000000E-06
   150029.406   -0.10132127E+02  -0.92932992E+01  -0.79179811E+01   0.10000000E+03   0.15003000E+06   0.10000000E-06
   150029.500   -0.78422070E+01  -0.70014345E+01  -0.56293319E+01   0.10000000E+03   0.15003000E+06   0.10000000E-06
   150029.594   -0.32448126E+01  -0.27608863E+01  -0.14645293E+01   0.10000000E+03   0.15003000E+06   0.10000000E-06
   150029.703   -0.36461996E+01  -0.30632140E+01  -0.16467312E+01   0.10000000E+03   0.15003000E+06   0.10000000E-06
   150029.797   -0.37328664E+01  -0.30922434E+01  -0.16819856E+01   0.10000000E+03   0.15003000E+06   0.10000000E-06
   150029.906   -0.37347229E+01  -0.30762089E+01  -0.16226515E+01   0.10000000E+03   0.15003000E+06   0.10000000E-06
   150030.000   -0.37286372E+01  -0.30684352E+01  -0.16367087E+01   0.10000000E+03   0.15003000E+06   0.10000000E-06
   150030.094   -0.39810230E+01  -0.31866820E+01  -0.18882043E+01   0.10000000E+03   0.15003100E+06   0.10000000E-06
   150030.203   -0.58886366E+01  -0.50996296E+01  -0.38171173E+01   0.10000000E+03   0.15003100E+06   0.10000000E-06
   150030.297   -0.79096944E+01  -0.71244222E+01  -0.58517350E+01   0.10000000E+03   0.15003100E+06   0.10000000E-06
   150030.406   -0.99406742E+01  -0.91587073E+01  -0.79011937E+01   0.10000000E+03   0.15003100E+06   0.10000000E-06
   150030.500   -0.11981807E+02  -0.11195872E+02  -0.99251801E+01   0.10000000E+03   0.15003100E+06   0.10000000E-06
   150030.594   -0.47211360E+01  -0.37448037E+01  -0.21680467E+01   0.10000000E+03   0.15003100E+06   0.10000000E-06
   150030.703   -0.54804351E+01  -0.42542098E+01  -0.24647232E+01   0.10000000E+03   0.15003100E+06   0.10000000E-06
   150030.797   -0.58824071E+01  -0.44395381E+01  -0.25872334E+01   0.10000000E+03   0.15003100E+06   0.10000000E-06
   150030.906   -0.62216858E+01  -0.46902592E+01  -0.26912078E+01   0.10000000E+03   0.15003100E+06   0.10000000E-06
   150031.000   -0.66584540E+01  -0.49883213E+01  -0.28549285E+01   0.10000000E+03   0.15003100E+06   0.10000000E-06
   150031.094   -0.39687240E+01  -0.31746582E+01  -0.18783649E+01   0.10000000E+03   0.15003200E+06   0.10000000E-06
   150031.203   -0.58785558E+01  -0.50901272E+01  -0.38102450E+01   0.10000000E+03   0.15003200E+06   0.10000000E-06
   150031.297   -0.79165216E+01  -0.71323538E+01  -0.58657762E+01   0.10000000E+03   0.15003200E+06   0.10000000E-06
   150031.406   -0.99648460E+01  -0.91829497E+01  -0.79284866E+01   0.10000000E+03   0.15003200E+06   0.10000000E-06
   150031.500   -0.12023443E+02  -0.11230439E+02  -0.99515731E+01   0.10000000E+03   0.15003200E+06   0.10000000E-06
   150031.594   -0.47614695E+01  -0.37876270E+01  -0.22542112E+01   0.10000000E+03   0.15003200E+06   0.10000000E-06
   150031.703   -0.55792102E+01  -0.43554694E+01  -0.25544469E+01   0.10000000E+03   0.15003200E+06   0.10000000E-06
   150031.797   -0.62541329E+01  -0.48202983E+01  -0.28673873E+01   0.10000000E+03   0.15003200E+06   0.10000000E-06
   150031.906   -0.66506737E+01  -0.50933111E+01  -0.30579270E+01   0.10000000E+03   0.15003200E+06   0.10000000E-06
   150032.000   -0.69683223E+01  -0.53221266E+01  -0.32753253E+01   0.10000000E+03   0.15003200E+06   0.10000000E-06
   150032.094   -0.39642638E+01  -0.31709516E+01  -0.18780455E+01   0.10000000E+03   0.15003300E+06   0.10000000E-06
   150032.203   -0.58840188E+01  -0.50971649E+01  -0.38217888E+01   0.10000000E+03   0.15003300E+06   0.10000000E-06
   150032.297   -0.79252287E+01  -0.71426240E+01  -0.58833255E+01   0.10000000E+03   0.15003300E+06   0.10000000E-06
   150032.406   -0.99787128E+01  -0.91946260E+01  -0.79200525E+01   0.10000000E+03   0.15003300E+06   0.10000000E-06
   150032.500   -0.12039173E+02  -0.11231748E+02  -0.99309006E+01   0.10000000E+03   0.15003300E+06   0.10000000E-06
   150032.594   -0.47911009E+01  -0.38238707E+01  -0.22335172E+01   0.10000000E+03   0.15003300E+06   0.10000000E-06
   150032.703   -0.57181607E+01  -0.45641857E+01  -0.27927358E+01   0.10000000E+03   0.15003300E+06   0.10000000E-06
   150032.797   -0.65196087E+01  -0.51117671E+01  -0.31762813E+01   0.10000000E+03   0.15003300E+06   0.10000000E-06
   150032.906   -0.69526361E+01  -0.53625266E+01  -0.32871683E+01   0.10000000E+03   0.15003300E+06   0.10000000E-06
   150033.000   -0.71641870E+01  -0.54423297E+01  -0.33230122E+01   0.10000000E+03   0.15003300E+06   0.10000000E-06
   150033.094   -0.39613015E+01  -0.31686450E+01  -0.18760189E+01   0.10000000E+03   0.15003400E+06   0.10000000E-06
   150033.203   -0.58829914E+01  -0.50974224E+01  -0.38218430E+01   0.10000000E+03   0.15003400E+06   0.10000000E-06
   150033.297   -0.79276647E+01  -0.71454519E+01  -0.58834305E+01   0.10000000E+03   0.15003400E+06   0.10000000E-06
   150033.406   -0.99846150E+01  -0.91969350E+01  -0.79075686E+01   0.10000000E+03   0.15003400E+06   0.10000000E-06
   150033.500   -0.12040903E+02  -0.11223495E+02  -0.99103450E+01   0.10000000E+03   0.15003400E+06   0.10000000E-06
   150033.594   -0.48184331E+01  -0.38605164E+01  -0.22607577E+01   0.10000000E+03   0.15003400E+06   0.10000000E-06
   150033.703   -0.58218004E+01  -0.47218464E+01  -0.29515851E+01   0.10000000E+03   0.15003400E+06   0.10000000E-06
   150033.797   -0.67235606E+01  -0.53371272E+01  -0.33020523E+01   0.10000000E+03   0.15003400E+06   0.10000000E-06
   150033.906   -0.71263898E+01  -0.55255473E+01  -0.34122314E+01   0.10000000E+03   0.15003400E+06   0.10000000E-06
   150034.000   -0.73983184E+01  -0.56507144E+01  -0.34700332E+01   0.10000000E+03   0.15003400E+06   0.10000000E-06
   150034.094   -0.40314408E+01  -0.32411860E+01  -0.19525246E+01   0.10000000E+03   0.15003500E+06   0.10000000E-06
   150034.203   -0.47409068E+01  -0.39397346E+01  -0.26260035E+01   0.10000000E+03   0.15003500E+06   0.10000000E-06
   150034.297   -0.67354830E+01  -0.59345367E+01  -0.46213901E+01   0.10000000E+03   0.15003500E+06   0.10000000E-06
   150034.406   -0.87466774E+01  -0.79453998E+01  -0.66313680E+01   0.10000000E+03   0.15003500E+06   0.10000000E-06
   150034.500   -0.10756940E+02  -0.99550969E+01  -0.86393396E+01   0.10000000E+03   0.15003500E+06   0.10000000E-06
   150034.594   -0.31414773E+01  -0.26728134E+01  -0.14073166E+01   0.10000000E+03   0.15003500E+06   0.10000000E-06
   150034.703   -0.35789155E+01  -0.30464381E+01  -0.17347202E+01   0.10000000E+03   0.15003500E+06   0.10000000E-06
   150034.797   -0.36693007E+01  -0.30650679E+01  -0.16304788E+01   0.10000000E+03   0.15003500E+06   0.10000000E-06
   150034.906   -0.36830552E+01  -0.30815398E+01  -0.17010988E+01   0.10000000E+03   0.15003500E+06   0.10000000E-06
   150035.000   -0.36805187E+01  -0.30816044E+01  -0.16749030E+01   0.10000000E+03   0.15003500E+06   0.10000000E-06
   150035.094   -0.39967468E+01  -0.32062634E+01  -0.19495107E+01   0.10000000E+03   0.15003600E+06   0.10000000E-06
   150035.203   -0.61618775E+01  -0.53660451E+01  -0.40931440E+01   0.10000000E+03   0.15003600E+06   0.10000000E-06
   150035.297   -0.82528514E+01  -0.74306591E+01  -0.60952496E+01   0.10000000E+03   0.15003600E+06   0.10000000E-06
   150035.406   -0.10087036E+02  -0.92474837E+01  -0.78860638E+01   0.10000000E+03   0.15003600E+06   0.10000000E-06
   150035.500   -0.83338625E+01  -0.75366095E+01  -0.62318996E+01   0.10000000E+03   0.15003600E+06   0.10000000E-06
   150035.594   -0.47098635E+01  -0.37273222E+01  -0.21045705E+01   0.10000000E+03   0.15003600E+06   0.10000000E-06
   150035.703   -0.55139833E+01  -0.42995867E+01  -0.24529281E+01   0.10000000E+03   0.15003600E+06   0.10000000E-06
   150035.797   -0.61086095E+01  -0.46561046E+01  -0.27069716E+01   0.10000000E+03   0.15003600E+06   0.10000000E-06
   150035.906   -0.65662607E+01  -0.50059407E+01  -0.28953971E+01   0.10000000E+03   0.15003600E+06   0.10000000E-06
   150036.000   -0.69847046E+01  -0.53948496E+01  -0.33656771E+01   0.10000000E+03   0.15003600E+06   0.10000000E-06
   150036.094   -0.39939931E+01  -0.32034495E+01  -0.19476276E+01   0.10000000E+03   0.15003700E+06   0.10000000E-06
   150036.203   -0.60874307E+01  -0.52935140E+01  -0.40315896E+01   0.10000000E+03   0.15003700E+06   0.10000000E-06
   150036.297   -0.81706838E+01  -0.73545517E+01  -0.60353680E+01   0.10000000E+03   0.15003700E+06   0.10000000E-06
   150036.406   -0.91502181E+01  -0.83359045E+01  -0.70073583E+01   0.10000000E+03   0.15003700E+06   0.10000000E-06
   150036.500   -0.87511169E+01  -0.79558819E+01  -0.66533966E+01   0.10000000E+03   0.15003700E+06   0.10000000E-06
   150036.594   -0.47363412E+01  -0.37651542E+01  -0.21443619E+01   0.10000000E+03   0.15003700E+06   0.10000000E-06
   150036.703   -0.56093145E+01  -0.44062014E+01  -0.25505811E+01   0.10000000E+03   0.15003700E+06   0.10000000E-06
   150036.797   -0.63844854E+01  -0.49895031E+01  -0.29766872E+01   0.10000000E+03   0.15003700E+06   0.10000000E-06
   150036.906   -0.67785948E+01  -0.52218741E+01  -0.31977664E+01   0.10000000E+03   0.15003700E+06   0.10000000E-06
   150037.000   -0.70259876E+01  -0.53489851E+01  -0.32535149E+01   0.10000000E+03   0.15003700E+06   0.10000000E-06
   150037.094   -0.39935686E+01  -0.32030659E+01  -0.19466764E+01   0.10000000E+03   0.15003800E+06   0.10000000E-06
   150037.203   -0.60882495E+01  -0.52922375E+01  -0.40206008E+01   0.10000000E+03   0.15003800E+06   0.10000000E-06
   150037.297   -0.81663936E+01  -0.73432247E+01  -0.60080091E+01   0.10000000E+03   0.15003800E+06   0.10000000E-06
   150037.406   -0.95648327E+01  -0.87717236E+01  -0.75055394E+01   0.10000000E+03   0.15003800E+06   0.10000000E-06
   150037.500   -0.96344961E+01  -0.88321234E+01  -0.75188024E+01   0.10000000E+03   0.15003800E+06   0.10000000E-06
   150037.594   -0.47671690E+01  -0.38005281E+01  -0.21762285E+01   0.10000000E+03   0.15003800E+06   0.10000000E-06
   150037.703   -0.57111545E+01  -0.45506520E+01  -0.27299625E+01   0.10000000E+03   0.15003800E+06   0.10000000E-06
   150037.797   -0.65672478E+01  -0.52090296E+01  -0.32287799E+01   0.10000000E+03   0.15003800E+06   0.10000000E-06
   150037.906   -0.69392040E+01  -0.53895945E+01  -0.33655225E+01   0.10000000E+03   0.15003800E+06   0.10000000E-06
   150038.000   -0.71543834E+01  -0.55168092E+01  -0.34451895E+01   0.10000000E+03   0.15003800E+06   0.10000000E-06
   150038.094   -0.39943492E+01  -0.32038362E+01  -0.19468704E+01   0.10000000E+03   0.15003900E+06   0.10000000E-06
   150038.203   -0.60554624E+01  -0.52594185E+01  -0.39886017E+01   0.10000000E+03   0.15003900E+06   0.10000000E-06
   150038.297   -0.81534914E+01  -0.73264285E+01  -0.59831538E+01   0.10000000E+03   0.15003900E+06   0.10000000E-06
   150038.406   -0.97130025E+01  -0.89193561E+01  -0.76591628E+01   0.10000000E+03   0.15003900E+06   0.10000000E-06
   150038.500   -0.11075634E+02  -0.10283205E+02  -0.89856766E+01   0.10000000E+03   0.15003900E+06   0.10000000E-06
   150038.594   -0.47994631E+01  -0.38377101E+01  -0.22096768E+01   0.10000000E+03   0.15003900E+06   0.10000000E-06
   150038.703   -0.57820949E+01  -0.46275072E+01  -0.27751867E+01   0.10000000E+03   0.15003900E+06   0.10000000E-06
   150038.797   -0.66845412E+01  -0.53372154E+01  -0.33920100E+01   0.10000000E+03   0.15003900E+06   0.10000000E-06
   150038.906   -0.70570942E+01  -0.54847299E+01  -0.34541386E+01   0.10000000E+03   0.15003900E+06   0.10000000E-06
   150039.000   -0.72601437E+01  -0.55947990E+01  -0.35196103E+01   0.10000000E+03   0.15003900E+06   0.10000000E-06
   150039.094   -0.39948701E+01  -0.32043422E+01  -0.19467669E+01   0.10000000E+03   0.15004000E+06   0.10000000E-06
   150039.203   -0.60859012E+01  -0.52854729E+01  -0.39998704E+01   0.10000000E+03   0.15004000E+06   0.10000000E-06
   150039.297   -0.81707288E+01  -0.73377950E+01  -0.59815144E+01   0.10000000E+03   0.15004000E+06   0.10000000E-06
   150039.406   -0.92291195E+01  -0.84365085E+01  -0.71518202E+01   0.10000000E+03   0.15004000E+06   0.10000000E-06
   150039.500   -0.88079470E+01  -0.80055331E+01  -0.66922813E+01   0.10000000E+03   0.15004000E+06   0.10000000E-06
   150039.594   -0.31986885E+01  -0.27284681E+01  -0.13837940E+01   0.10000000E+03   0.15004000E+06   0.10000000E-06
   150039.703   -0.35565184E+01  -0.30431112E+01  -0.16168297E+01   0.10000000E+03   0.15004000E+06   0.10000000E-06
   150039.797   -0.36247577E+01  -0.30522851E+01  -0.16419609E+01   0.10000000E+03   0.15004000E+06   0.10000000E-06
   150039.906   -0.36261716E+01  -0.30441445E+01  -0.16420998E+01   0.10000000E+03   0.15004000E+06   0.10000000E-06
   150040.000   -0.36266246E+01  -0.30468032E+01  -0.16425681E+01   0.10000000E+03   0.15004000E+06   0.10000000E-06
   150040.094   -0.39603015E+01  -0.31658031E+01  -0.19066869E+01   0.10000000E+03   0.15004100E+06   0.10000000E-06
   150040.203   -0.58617385E+01  -0.50750162E+01  -0.38301637E+01   0.10000000E+03   0.15004100E+06   0.10000000E-06
   150040.297   -0.78788703E+01  -0.70897161E+01  -0.58204716E+01   0.10000000E+03   0.15004100E+06   0.10000000E-06
   150040.406   -0.98934559E+01  -0.90842703E+01  -0.77953616E+01   0.10000000E+03   0.15004100E+06   0.10000000E-06
   150040.500   -0.11837192E+02  -0.11007555E+02  -0.97096707E+01   0.10000000E+03   0.15004100E+06   0.10000000E-06
   150040.594   -0.46432840E+01  -0.36889304E+01  -0.21458697E+01   0.10000000E+03   0.15004100E+06   0.10000000E-06
   150040.703   -0.54120837E+01  -0.42273302E+01  -0.23819235E+01   0.10000000E+03   0.15004100E+06   0.10000000E-06
   150040.797   -0.58972565E+01  -0.44669711E+01  -0.25332461E+01   0.10000000E+03   0.15004100E+06   0.10000000E-06
   150040.906   -0.63323712E+01  -0.48044332E+01  -0.28082341E+01   0.10000000E+03   0.15004100E+06   0.10000000E-06
   150041.000   -0.67536609E+01  -0.51648570E+01  -0.31723559E+01   0.10000000E+03   0.15004100E+06   0.10000000E-06
   150041.094   -0.39527781E+01  -0.31581934E+01  -0.19008656E+01   0.10000000E+03   0.15004200E+06   0.10000000E-06
   150041.203   -0.58542484E+01  -0.50673448E+01  -0.38204361E+01   0.10000000E+03   0.15004200E+06   0.10000000E-06
   150041.297   -0.78743630E+01  -0.70813515E+01  -0.58075660E+01   0.10000000E+03   0.15004200E+06   0.10000000E-06
   150041.406   -0.98770399E+01  -0.90614764E+01  -0.77678765E+01   0.10000000E+03   0.15004200E+06   0.10000000E-06
   150041.500   -0.11789022E+02  -0.10955839E+02  -0.96534541E+01   0.10000000E+03   0.15004200E+06   0.10000000E-06
   150041.594   -0.46749076E+01  -0.37204290E+01  -0.21566311E+01   0.10000000E+03   0.15004200E+06   0.10000000E-06
   150041.703   -0.54999402E+01  -0.43175516E+01  -0.24996022E+01   0.10000000E+03   0.15004200E+06   0.10000000E-06
   150041.797   -0.62096096E+01  -0.48060621E+01  -0.28925626E+01   0.10000000E+03   0.15004200E+06   0.10000000E-06
   150041.906   -0.67127637E+01  -0.51748097E+01  -0.31514213E+01   0.10000000E+03   0.15004200E+06   0.10000000E-06
   150042.000   -0.70851983E+01  -0.54257200E+01  -0.32965495E+01   0.10000000E+03   0.15004200E+06   0.10000000E-06
   150042.094   -0.39488873E+01  -0.31549259E+01  -0.18965213E+01   0.10000000E+03   0.15004300E+06   0.10000000E-06
   150042.203   -0.58490142E+01  -0.50621639E+01  -0.38066155E+01   0.10000000E+03   0.15004300E+06   0.10000000E-06
   150042.297   -0.78661867E+01  -0.70704160E+01  -0.57905633E+01   0.10000000E+03   0.15004300E+06   0.10000000E-06
   150042.406   -0.97387333E+01  -0.89248575E+01  -0.76306843E+01   0.10000000E+03   0.15004300E+06   0.10000000E-06
   150042.500   -0.11328460E+02  -0.10507998E+02  -0.91311996E+01   0.10000000E+03   0.15004300E+06   0.10000000E-06
   150042.594   -0.47071426E+01  -0.37513334E+01  -0.21663849E+01   0.10000000E+03   0.15004300E+06   0.10000000E-06
   150042.703   -0.56219610E+01  -0.44766698E+01  -0.26238660E+01   0.10000000E+03   0.15004300E+06   0.10000000E-06
   150042.797   -0.64429128E+01  -0.50919682E+01  -0.31476386E+01   0.10000000E+03   0.15004300E+06   0.10000000E-06
   150042.906   -0.68982553E+01  -0.53374618E+01  -0.33011828E+01   0.10000000E+03   0.15004300E+06   0.10000000E-06
   150043.000   -0.71886916E+01  -0.54642621E+01  -0.33355914E+01   0.10000000E+03   0.15004300E+06   0.10000000E-06
   150043.094   -0.39458074E+01  -0.31525587E+01  -0.18949156E+01   0.10000000E+03   0.15004400E+06   0.10000000E-06
   150043.203   -0.58445973E+01  -0.50575796E+01  -0.37957125E+01   0.10000000E+03   0.15004400E+06   0.10000000E-06
   150043.297   -0.78625962E+01  -0.70633834E+01  -0.57785514E+01   0.10000000E+03   0.15004400E+06   0.10000000E-06
   150043.406   -0.97122968E+01  -0.89182695E+01  -0.76382312E+01   0.10000000E+03   0.15004400E+06   0.10000000E-06
   150043.500   -0.11710637E+02  -0.10894219E+02  -0.96000139E+01   0.10000000E+03   0.15004400E+06   0.10000000E-06
   150043.594   -0.47413082E+01  -0.37866636E+01  -0.21603542E+01   0.10000000E+03   0.15004400E+06   0.10000000E-06
   150043.703   -0.57070227E+01  -0.45827730E+01  -0.27030878E+01   0.10000000E+03   0.15004400E+06   0.10000000E-06
   150043.797   -0.65887173E+01  -0.51888231E+01  -0.31335916E+01   0.10000000E+03   0.15004400E+06   0.10000000E-06
   150043.906   -0.70212604E+01  -0.53601506E+01  -0.32554144E+01   0.10000000E+03   0.15004400E+06   0.10000000E-06
   150044.000   -0.72544909E+01  -0.54565717E+01  -0.33081835E+01   0.10000000E+03   0.15004400E+06   0.10000000E-06
   150044.094   -0.39430989E+01  -0.31504844E+01  -0.18936031E+01   0.10000000E+03   0.15004500E+06   0.10000000E-06
   150044.203   -0.58405368E+01  -0.50530687E+01  -0.37863596E+01   0.10000000E+03   0.15004500E+06   0.10000000E-06
   150044.297   -0.78564778E+01  -0.70528587E+01  -0.57637935E+01   0.10000000E+03   0.15004500E+06   0.10000000E-06
   150044.406   -0.96915647E+01  -0.88979437E+01  -0.76175726E+01   0.10000000E+03   0.15004500E+06   0.10000000E-06
   150044.500   -0.11691292E+02  -0.10874650E+02  -0.95800960E+01   0.10000000E+03   0.15004500E+06   0.10000000E-06
   150044.594   -0.31137580E+01  -0.26740346E+01  -0.14361956E+01   0.10000000E+03   0.15004500E+06   0.10000000E-06
   150044.703   -0.35191003E+01  -0.30261047E+01  -0.16491325E+01   0.10000000E+03   0.15004500E+06   0.10000000E-06
   150044.797   -0.35917721E+01  -0.30526486E+01  -0.16945315E+01   0.10000000E+03   0.15004500E+06   0.10000000E-06
   150044.906   -0.36013613E+01  -0.30581915E+01  -0.17333618E+01   0.10000000E+03   0.15004500E+06   0.10000000E-06
   150045.000   -0.36014317E+01  -0.30621846E+01  -0.17305938E+01   0.10000000E+03   0.15004500E+06   0.10000000E-06
   150045.094   -0.40060154E+01  -0.32156377E+01  -0.19531615E+01   0.10000000E+03   0.15004600E+06   0.10000000E-06
   150045.203   -0.60521609E+01  -0.52303898E+01  -0.38780684E+01   0.10000000E+03   0.15004600E+06   0.10000000E-06
   150045.297   -0.80320519E+01  -0.71896641E+01  -0.58036082E+01   0.10000000E+03   0.15004600E+06   0.10000000E-06
   150045.406   -0.92795218E+01  -0.84534736E+01  -0.71220008E+01   0.10000000E+03   0.15004600E+06   0.10000000E-06
   150045.500   -0.99017783E+01  -0.91088940E+01  -0.78111801E+01   0.10000000E+03   0.15004600E+06   0.10000000E-06
   150045.594   -0.46828521E+01  -0.37026891E+01  -0.20630822E+01   0.10000000E+03   0.15004600E+06   0.10000000E-06
   150045.703   -0.54686581E+01  -0.42456602E+01  -0.23405588E+01   0.10000000E+03   0.15004600E+06   0.10000000E-06
   150045.797   -0.60345848E+01  -0.45847220E+01  -0.26411631E+01   0.10000000E+03   0.15004600E+06   0.10000000E-06
   150045.906   -0.64614928E+01  -0.48647653E+01  -0.27732997E+01   0.10000000E+03   0.15004600E+06   0.10000000E-06
   150046.000   -0.68126066E+01  -0.51395519E+01  -0.30329716E+01   0.10000000E+03   0.15004600E+06   0.10000000E-06
   150046.094   -0.40041217E+01  -0.32132488E+01  -0.19461665E+01   0.10000000E+03   0.15004700E+06   0.10000000E-06
   150046.203   -0.60388646E+01  -0.52151753E+01  -0.38584216E+01   0.10000000E+03   0.15004700E+06   0.10000000E-06
   150046.297   -0.80092448E+01  -0.71666323E+01  -0.57799467E+01   0.10000000E+03   0.15004700E+06   0.10000000E-06
   150046.406   -0.93021388E+01  -0.84784647E+01  -0.71504630E+01   0.10000000E+03   0.15004700E+06   0.10000000E-06
   150046.500   -0.96559593E+01  -0.88640908E+01  -0.75786139E+01   0.10000000E+03   0.15004700E+06   0.10000000E-06
   150046.594   -0.47150576E+01  -0.37418612E+01  -0.21046639E+01   0.10000000E+03   0.15004700E+06   0.10000000E-06
   150046.703   -0.55571282E+01  -0.43278686E+01  -0.24233795E+01   0.10000000E+03   0.15004700E+06   0.10000000E-06
   150046.797   -0.62949528E+01  -0.48890681E+01  -0.28802322E+01   0.10000000E+03   0.15004700E+06   0.10000000E-06
   150046.906   -0.68177221E+01  -0.52850080E+01  -0.32132307E+01   0.10000000E+03   0.15004700E+06   0.10000000E-06
   150047.000   -0.71408226E+01  -0.54737150E+01  -0.32890468E+01   0.10000000E+03   0.15004700E+06   0.10000000E-06
   150047.094   -0.40043823E+01  -0.32130416E+01  -0.19386874E+01   0.10000000E+03   0.15004800E+06   0.10000000E-06
   150047.203   -0.60469963E+01  -0.52186458E+01  -0.38509899E+01   0.10000000E+03   0.15004800E+06   0.10000000E-06
   150047.297   -0.79917349E+01  -0.71486186E+01  -0.57615734E+01   0.10000000E+03   0.15004800E+06   0.10000000E-06
   150047.406   -0.93639400E+01  -0.85395996E+01  -0.72090010E+01   0.10000000E+03   0.15004800E+06   0.10000000E-06
   150047.500   -0.94016411E+01  -0.86107847E+01  -0.73189482E+01   0.10000000E+03   0.15004800E+06   0.10000000E-06
   150047.594   -0.47487378E+01  -0.37771205E+01  -0.21448820E+01   0.10000000E+03   0.15004800E+06   0.10000000E-06
   150047.703   -0.56553434E+01  -0.44529622E+01  -0.25946223E+01   0.10000000E+03   0.15004800E+06   0.10000000E-06
   150047.797   -0.64911953E+01  -0.51230328E+01  -0.31432777E+01   0.10000000E+03   0.15004800E+06   0.10000000E-06
   150047.906   -0.70384880E+01  -0.55460341E+01  -0.34996506E+01   0.10000000E+03   0.15004800E+06   0.10000000E-06
   150048.000   -0.73095213E+01  -0.56848681E+01  -0.36117937E+01   0.10000000E+03   0.15004800E+06   0.10000000E-06
   150048.094   -0.40054944E+01  -0.32136794E+01  -0.19339116E+01   0.10000000E+03   0.15004900E+06   0.10000000E-06
   150048.203   -0.60433740E+01  -0.52134018E+01  -0.38418814E+01   0.10000000E+03   0.15004900E+06   0.10000000E-06
   150048.297   -0.79822918E+01  -0.71389520E+01  -0.57514493E+01   0.10000000E+03   0.15004900E+06   0.10000000E-06
   150048.406   -0.93276994E+01  -0.85041536E+01  -0.71737233E+01   0.10000000E+03   0.15004900E+06   0.10000000E-06
   150048.500   -0.93496773E+01  -0.85587537E+01  -0.72649589E+01   0.10000000E+03   0.15004900E+06   0.10000000E-06
   150048.594   -0.47858959E+01  -0.38167868E+01  -0.21875708E+01   0.10000000E+03   0.15004900E+06   0.10000000E-06
   150048.703   -0.57317532E+01  -0.45331334E+01  -0.26728938E+01   0.10000000E+03   0.15004900E+06   0.10000000E-06
   150048.797   -0.66131544E+01  -0.52463353E+01  -0.32795775E+01   0.10000000E+03   0.15004900E+06   0.10000000E-06
   150048.906   -0.71567117E+01  -0.56506188E+01  -0.35996431E+01   0.10000000E+03   0.15004900E+06   0.10000000E-06
   150049.000   -0.74138527E+01  -0.57815612E+01  -0.36894964E+01   0.10000000E+03   0.15004900E+06   0.10000000E-06
   150049.094   -0.40067801E+01  -0.32144233E+01  -0.19304763E+01   0.10000000E+03   0.15005000E+06   0.10000000E-06
   150049.203   -0.60336533E+01  -0.52015227E+01  -0.38261535E+01   0.10000000E+03   0.15005000E+06   0.10000000E-06
   150049.297   -0.79587396E+01  -0.71151662E+01  -0.57278359E+01   0.10000000E+03   0.15005000E+06   0.10000000E-06
   150049.406   -0.94641374E+01  -0.86401295E+01  -0.73090901E+01   0.10000000E+03   0.15005000E+06   0.10000000E-06
   150049.500   -0.91255981E+01  -0.83348585E+01  -0.70390714E+01   0.10000000E+03   0.15005000E+06   0.10000000E-06
   150049.594   -0.31969262E+01  -0.27413272E+01  -0.15193299E+01   0.10000000E+03   0.15005000E+06   0.10000000E-06
   150049.703   -0.35115788E+01  -0.30236710E+01  -0.17327294E+01   0.10000000E+03   0.15005000E+06   0.10000000E-06
   150049.797   -0.35572763E+01  -0.30212813E+01  -0.16659363E+01   0.10000000E+03   0.15005000E+06   0.10000000E-06
   150049.906   -0.35609757E+01  -0.30195251E+01  -0.17205744E+01   0.10000000E+03   0.15005000E+06   0.10000000E-06
   150050.000   -0.35617999E+01  -0.30139411E+01  -0.16356317E+01   0.10000000E+03   0.15005000E+06   0.10000000E-06
