   150000.094   -0.45737764E+01  -0.35328597E+01  -0.18874835E+01   0.10000000E+03   0.15000100E+06   0.10000000E-06
   150000.203   -0.62051672E+01  -0.51711540E+01  -0.35502809E+01   0.10000000E+03   0.15000100E+06   0.10000000E-06
   150000.297   -0.80064451E+01  -0.69789584E+01  -0.53858074E+01   0.10000000E+03   0.15000100E+06   0.10000000E-06
   150000.406   -0.72269252E+01  -0.61557268E+01  -0.44701549E+01   0.10000000E+03   0.15000100E+06   0.10000000E-06
   150000.500   -0.72443234E+01  -0.61738150E+01  -0.44883983E+01   0.10000000E+03   0.15000100E+06   0.10000000E-06
   150000.594   -0.86953781E+01  -0.76275720E+01  -0.59429611E+01   0.10000000E+03   0.15000100E+06   0.10000000E-06
   150000.703   -0.10299373E+02  -0.92152770E+01  -0.75174230E+01   0.10000000E+03   0.15000100E+06   0.10000000E-06
   150000.797   -0.11875138E+02  -0.10784113E+02  -0.90814145E+01   0.10000000E+03   0.15000100E+06   0.10000000E-06
   150000.906   -0.13452852E+02  -0.12187035E+02  -0.10653484E+02   0.10000000E+03   0.15000100E+06   0.10000000E-06
   150001.000   -0.15038675E+02  -0.12982351E+02  -0.12239371E+02   0.10000000E+03   0.15000100E+06   0.10000000E-06
   150001.094   -0.45669947E+01  -0.35271350E+01  -0.18853530E+01   0.10000000E+03   0.15000200E+06   0.10000000E-06
   150001.203   -0.62279886E+01  -0.51908799E+01  -0.35582842E+01   0.10000000E+03   0.15000200E+06   0.10000000E-06
   150001.297   -0.80432361E+01  -0.70032187E+01  -0.53609025E+01   0.10000000E+03   0.15000200E+06   0.10000000E-06
   150001.406   -0.98475259E+01  -0.87990752E+01  -0.71293970E+01   0.10000000E+03   0.15000200E+06   0.10000000E-06
   150001.500   -0.11560328E+02  -0.10487219E+02  -0.87854622E+01   0.10000000E+03   0.15000200E+06   0.10000000E-06
   150001.594   -0.13063018E+02  -0.11915619E+02  -0.10264092E+02   0.10000000E+03   0.15000200E+06   0.10000000E-06
   150001.703   -0.14429870E+02  -0.12698319E+02  -0.11636423E+02   0.10000000E+03   0.15000200E+06   0.10000000E-06
   150001.797   -0.15768142E+02  -0.13212300E+02  -0.12977205E+02   0.10000000E+03   0.15000200E+06   0.10000000E-06
   150001.906   -0.17100268E+02  -0.13508903E+02  -0.14310699E+02   0.10000000E+03   0.15000200E+06   0.10000000E-06
   150002.000   -0.18406092E+02  -0.13661073E+02  -0.15627429E+02   0.10000000E+03   0.15000200E+06   0.10000000E-06
   150002.094   -0.45607963E+01  -0.35219271E+01  -0.18833296E+01   0.10000000E+03   0.15000300E+06   0.10000000E-06
   150002.203   -0.62586880E+01  -0.52176390E+01  -0.35717629E+01   0.10000000E+03   0.15000300E+06   0.10000000E-06
   150002.297   -0.80746754E+01  -0.70229629E+01  -0.53459170E+01   0.10000000E+03   0.15000300E+06   0.10000000E-06
   150002.406   -0.97719280E+01  -0.86882431E+01  -0.69845971E+01   0.10000000E+03   0.15000300E+06   0.10000000E-06
   150002.500   -0.11197786E+02  -0.10107087E+02  -0.84040782E+01   0.10000000E+03   0.15000300E+06   0.10000000E-06
   150002.594   -0.12519994E+02  -0.11427988E+02  -0.97355718E+01   0.10000000E+03   0.15000300E+06   0.10000000E-06
   150002.703   -0.13833279E+02  -0.12394412E+02  -0.11054201E+02   0.10000000E+03   0.15000300E+06   0.10000000E-06
   150002.797   -0.15146318E+02  -0.13018251E+02  -0.12369023E+02   0.10000000E+03   0.15000300E+06   0.10000000E-06
   150002.906   -0.16460949E+02  -0.13381546E+02  -0.13684481E+02   0.10000000E+03   0.15000300E+06   0.10000000E-06
   150003.000   -0.17765528E+02  -0.13594967E+02  -0.14984689E+02   0.10000000E+03   0.15000300E+06   0.10000000E-06
   150003.094   -0.45552763E+01  -0.35172596E+01  -0.18814849E+01   0.10000000E+03   0.15000400E+06   0.10000000E-06
   150003.203   -0.62722308E+01  -0.52330019E+01  -0.35932754E+01   0.10000000E+03   0.15000400E+06   0.10000000E-06
   150003.297   -0.81212902E+01  -0.70734673E+01  -0.54054640E+01   0.10000000E+03   0.15000400E+06   0.10000000E-06
   150003.406   -0.98833191E+01  -0.88061155E+01  -0.71036389E+01   0.10000000E+03   0.15000400E+06   0.10000000E-06
   150003.500   -0.11364392E+02  -0.10273239E+02  -0.85678750E+01   0.10000000E+03   0.15000400E+06   0.10000000E-06
   150003.594   -0.12694005E+02  -0.11594536E+02  -0.99102974E+01   0.10000000E+03   0.15000400E+06   0.10000000E-06
   150003.703   -0.14010005E+02  -0.12484805E+02  -0.11233250E+02   0.10000000E+03   0.15000400E+06   0.10000000E-06
   150003.797   -0.15325934E+02  -0.13081269E+02  -0.12551407E+02   0.10000000E+03   0.15000400E+06   0.10000000E-06
   150003.906   -0.16642875E+02  -0.13421728E+02  -0.13868872E+02   0.10000000E+03   0.15000400E+06   0.10000000E-06
   150004.000   -0.17934018E+02  -0.13614357E+02  -0.15156226E+02   0.10000000E+03   0.15000400E+06   0.10000000E-06
   150004.094   -0.45501872E+01  -0.35129720E+01  -0.18800049E+01   0.10000000E+03   0.15000500E+06   0.10000000E-06
   150004.203   -0.62937291E+01  -0.52550473E+01  -0.36170529E+01   0.10000000E+03   0.15000500E+06   0.10000000E-06
   150004.297   -0.81688175E+01  -0.71196826E+01  -0.54483199E+01   0.10000000E+03   0.15000500E+06   0.10000000E-06
   150004.406   -0.99200743E+01  -0.88356756E+01  -0.71313044E+01   0.10000000E+03   0.15000500E+06   0.10000000E-06
   150004.500   -0.11333534E+02  -0.10244893E+02  -0.85428474E+01   0.10000000E+03   0.15000500E+06   0.10000000E-06
   150004.594   -0.12641021E+02  -0.11547040E+02  -0.98648114E+01   0.10000000E+03   0.15000500E+06   0.10000000E-06
   150004.703   -0.13945596E+02  -0.12451068E+02  -0.11175246E+02   0.10000000E+03   0.15000500E+06   0.10000000E-06
   150004.797   -0.15251154E+02  -0.13055250E+02  -0.12482386E+02   0.10000000E+03   0.15000500E+06   0.10000000E-06
   150004.906   -0.16557076E+02  -0.13402455E+02  -0.13788525E+02   0.10000000E+03   0.15000500E+06   0.10000000E-06
   150005.000   -0.17852581E+02  -0.13601006E+02  -0.15091477E+02   0.10000000E+03   0.15000500E+06   0.10000000E-06
   150005.094   -0.45456662E+01  -0.35092206E+01  -0.18789520E+01   0.10000000E+03   0.15000600E+06   0.10000000E-06
   150005.203   -0.63156228E+01  -0.52779807E+01  -0.36435076E+01   0.10000000E+03   0.15000600E+06   0.10000000E-06
   150005.297   -0.82250170E+01  -0.71782557E+01  -0.55132990E+01   0.10000000E+03   0.15000600E+06   0.10000000E-06
   150005.406   -0.10039005E+02  -0.89585945E+01  -0.72567157E+01   0.10000000E+03   0.15000600E+06   0.10000000E-06
   150005.500   -0.11494217E+02  -0.10405378E+02  -0.87033052E+01   0.10000000E+03   0.15000600E+06   0.10000000E-06
   150005.594   -0.12806381E+02  -0.11701095E+02  -0.10033296E+02   0.10000000E+03   0.15000600E+06   0.10000000E-06
   150005.703   -0.14115191E+02  -0.12536419E+02  -0.11349084E+02   0.10000000E+03   0.15000600E+06   0.10000000E-06
   150005.797   -0.15425271E+02  -0.13111789E+02  -0.12660612E+02   0.10000000E+03   0.15000600E+06   0.10000000E-06
   150005.906   -0.16736124E+02  -0.13439649E+02  -0.13972322E+02   0.10000000E+03   0.15000600E+06   0.10000000E-06
   150006.000   -0.18053693E+02  -0.13628222E+02  -0.15274494E+02   0.10000000E+03   0.15000600E+06   0.10000000E-06
   150006.094   -0.45417071E+01  -0.35059724E+01  -0.18783433E+01   0.10000000E+03   0.15000700E+06   0.10000000E-06
   150006.203   -0.63367331E+01  -0.53009927E+01  -0.36733418E+01   0.10000000E+03   0.15000700E+06   0.10000000E-06
   150006.297   -0.82734525E+01  -0.72312036E+01  -0.55807637E+01   0.10000000E+03   0.15000700E+06   0.10000000E-06
   150006.406   -0.10164287E+02  -0.90989125E+01  -0.74019348E+01   0.10000000E+03   0.15000700E+06   0.10000000E-06
   150006.500   -0.11746843E+02  -0.10655540E+02  -0.89503553E+01   0.10000000E+03   0.15000700E+06   0.10000000E-06
   150006.594   -0.13068596E+02  -0.11922533E+02  -0.10294025E+02   0.10000000E+03   0.15000700E+06   0.10000000E-06
   150006.703   -0.14376611E+02  -0.12666630E+02  -0.11612002E+02   0.10000000E+03   0.15000700E+06   0.10000000E-06
   150006.797   -0.15686696E+02  -0.13186526E+02  -0.12923960E+02   0.10000000E+03   0.15000700E+06   0.10000000E-06
   150006.906   -0.16992225E+02  -0.13485495E+02  -0.14230594E+02   0.10000000E+03   0.15000700E+06   0.10000000E-06
   150007.000   -0.18345313E+02  -0.13655171E+02  -0.15575444E+02   0.10000000E+03   0.15000700E+06   0.10000000E-06
   150007.094   -0.45382474E+01  -0.35031981E+01  -0.18781709E+01   0.10000000E+03   0.15000800E+06   0.10000000E-06
   150007.203   -0.63510554E+01  -0.53162840E+01  -0.36923359E+01   0.10000000E+03   0.15000800E+06   0.10000000E-06
   150007.297   -0.83043397E+01  -0.72635329E+01  -0.56185431E+01   0.10000000E+03   0.15000800E+06   0.10000000E-06
   150007.406   -0.10224051E+02  -0.91686430E+01  -0.74847395E+01   0.10000000E+03   0.15000800E+06   0.10000000E-06
   150007.500   -0.11976864E+02  -0.10889136E+02  -0.91821710E+01   0.10000000E+03   0.15000800E+06   0.10000000E-06
   150007.594   -0.13469951E+02  -0.12195944E+02  -0.10678412E+02   0.10000000E+03   0.15000800E+06   0.10000000E-06
   150007.703   -0.14898556E+02  -0.12917384E+02  -0.12115826E+02   0.10000000E+03   0.15000800E+06   0.10000000E-06
   150007.797   -0.16323844E+02  -0.13349444E+02  -0.13545393E+02   0.10000000E+03   0.15000800E+06   0.10000000E-06
   150007.906   -0.17757353E+02  -0.13594067E+02  -0.14976136E+02   0.10000000E+03   0.15000800E+06   0.10000000E-06
   150008.000   -0.18940514E+02  -0.13679582E+02  -0.16222336E+02   0.10000000E+03   0.15000800E+06   0.10000000E-06
   150008.094   -0.45351630E+01  -0.35007511E+01  -0.18782459E+01   0.10000000E+03   0.15000900E+06   0.10000000E-06
   150008.203   -0.63698722E+01  -0.53366693E+01  -0.37191387E+01   0.10000000E+03   0.15000900E+06   0.10000000E-06
   150008.297   -0.83477641E+01  -0.73150249E+01  -0.56994762E+01   0.10000000E+03   0.15000900E+06   0.10000000E-06
   150008.406   -0.60908322E+01  -0.50638382E+01  -0.34563603E+01   0.10000000E+03   0.15000900E+06   0.10000000E-06
   150008.500   -0.60998118E+01  -0.50741302E+01  -0.34701629E+01   0.10000000E+03   0.15000900E+06   0.10000000E-06
   150008.594   -0.85830347E+01  -0.75698716E+01  -0.60275118E+01   0.10000000E+03   0.15000900E+06   0.10000000E-06
   150008.703   -0.10683199E+02  -0.96651152E+01  -0.81043195E+01   0.10000000E+03   0.15000900E+06   0.10000000E-06
   150008.797   -0.12744772E+02  -0.11691064E+02  -0.10162736E+02   0.10000000E+03   0.15000900E+06   0.10000000E-06
   150008.906   -0.14804154E+02  -0.12859227E+02  -0.12221729E+02   0.10000000E+03   0.15000900E+06   0.10000000E-06
   150009.000   -0.16867199E+02  -0.13459838E+02  -0.14286183E+02   0.10000000E+03   0.15000900E+06   0.10000000E-06
   150009.094   -0.45324541E+01  -0.34986528E+01  -0.18786518E+01   0.10000000E+03   0.15001000E+06   0.10000000E-06
   150009.203   -0.64212360E+01  -0.53915543E+01  -0.37894148E+01   0.10000000E+03   0.15001000E+06   0.10000000E-06
   150009.297   -0.85019839E+01  -0.74757023E+01  -0.58868985E+01   0.10000000E+03   0.15001000E+06   0.10000000E-06
   150009.406   -0.10605010E+02  -0.95823585E+01  -0.80047858E+01   0.10000000E+03   0.15001000E+06   0.10000000E-06
   150009.500   -0.12729526E+02  -0.11676507E+02  -0.10139429E+02   0.10000000E+03   0.15001000E+06   0.10000000E-06
   150009.594   -0.31077170E+01  -0.26877717E+01  -0.16735891E+01   0.10000000E+03   0.15001000E+06   0.10000000E-06
   150009.703   -0.35877669E+01  -0.30096376E+01  -0.18016074E+01   0.10000000E+03   0.15001000E+06   0.10000000E-06
   150009.797   -0.40550790E+01  -0.32794269E+01  -0.19040679E+01   0.10000000E+03   0.15001000E+06   0.10000000E-06
   150009.906   -0.44547918E+01  -0.35204433E+01  -0.19992930E+01   0.10000000E+03   0.15001000E+06   0.10000000E-06
   150010.000   -0.48698926E+01  -0.38120280E+01  -0.21604890E+01   0.10000000E+03   0.15001000E+06   0.10000000E-06
   150010.094   -0.40029753E+01  -0.32175025E+01  -0.18125913E+01   0.10000000E+03   0.15001100E+06   0.10000000E-06
   150010.203   -0.58969524E+01  -0.51120234E+01  -0.37092726E+01   0.10000000E+03   0.15001100E+06   0.10000000E-06
   150010.297   -0.79665820E+01  -0.71800124E+01  -0.57712747E+01   0.10000000E+03   0.15001100E+06   0.10000000E-06
   150010.406   -0.10034747E+02  -0.92436290E+01  -0.78255085E+01   0.10000000E+03   0.15001100E+06   0.10000000E-06
   150010.500   -0.12045613E+02  -0.11239733E+02  -0.98160680E+01   0.10000000E+03   0.15001100E+06   0.10000000E-06
   150010.594   -0.47962649E+01  -0.39005719E+01  -0.22560215E+01   0.10000000E+03   0.15001100E+06   0.10000000E-06
   150010.703   -0.57861661E+01  -0.45737378E+01  -0.26401366E+01   0.10000000E+03   0.15001100E+06   0.10000000E-06
   150010.797   -0.66568860E+01  -0.51436740E+01  -0.31249362E+01   0.10000000E+03   0.15001100E+06   0.10000000E-06
   150010.906   -0.71839488E+01  -0.54488342E+01  -0.33341319E+01   0.10000000E+03   0.15001100E+06   0.10000000E-06
   150011.000   -0.74322958E+01  -0.56453183E+01  -0.35825788E+01   0.10000000E+03   0.15001100E+06   0.10000000E-06
   150011.094   -0.39894606E+01  -0.32047761E+01  -0.18152743E+01   0.10000000E+03   0.15001200E+06   0.10000000E-06
   150011.203   -0.58917965E+01  -0.51083773E+01  -0.37236784E+01   0.10000000E+03   0.15001200E+06   0.10000000E-06
   150011.297   -0.79908153E+01  -0.72078336E+01  -0.58249951E+01   0.10000000E+03   0.15001200E+06   0.10000000E-06
   150011.406   -0.69028241E+01  -0.60578695E+01  -0.46765601E+01   0.10000000E+03   0.15001200E+06   0.10000000E-06
   150011.500   -0.69087910E+01  -0.60644688E+01  -0.46825902E+01   0.10000000E+03   0.15001200E+06   0.10000000E-06
   150011.594   -0.48870773E+01  -0.39860403E+01  -0.23212917E+01   0.10000000E+03   0.15001200E+06   0.10000000E-06
   150011.703   -0.59245334E+01  -0.47061945E+01  -0.28007784E+01   0.10000000E+03   0.15001200E+06   0.10000000E-06
   150011.797   -0.67981392E+01  -0.52920155E+01  -0.32156067E+01   0.10000000E+03   0.15001200E+06   0.10000000E-06
   150011.906   -0.73661449E+01  -0.57005396E+01  -0.36157611E+01   0.10000000E+03   0.15001200E+06   0.10000000E-06
   150012.000   -0.75821769E+01  -0.58538211E+01  -0.37982262E+01   0.10000000E+03   0.15001200E+06   0.10000000E-06
   150012.094   -0.39789026E+01  -0.31946654E+01  -0.18170178E+01   0.10000000E+03   0.15001300E+06   0.10000000E-06
   150012.203   -0.59121516E+01  -0.51305324E+01  -0.37629841E+01   0.10000000E+03   0.15001300E+06   0.10000000E-06
   150012.297   -0.80043221E+01  -0.72243330E+01  -0.58649579E+01   0.10000000E+03   0.15001300E+06   0.10000000E-06
   150012.406   -0.78400015E+01  -0.69862503E+01  -0.56193887E+01   0.10000000E+03   0.15001300E+06   0.10000000E-06
   150012.500   -0.78544698E+01  -0.70007571E+01  -0.56339705E+01   0.10000000E+03   0.15001300E+06   0.10000000E-06
   150012.594   -0.49588140E+01  -0.40561886E+01  -0.23840003E+01   0.10000000E+03   0.15001300E+06   0.10000000E-06
   150012.703   -0.60367586E+01  -0.48196274E+01  -0.29391617E+01   0.10000000E+03   0.15001300E+06   0.10000000E-06
   150012.797   -0.69548502E+01  -0.54767525E+01  -0.34294159E+01   0.10000000E+03   0.15001300E+06   0.10000000E-06
   150012.906   -0.75694106E+01  -0.59500139E+01  -0.38848503E+01   0.10000000E+03   0.15001300E+06   0.10000000E-06
   150013.000   -0.77902827E+01  -0.60800203E+01  -0.40248644E+01   0.10000000E+03   0.15001300E+06   0.10000000E-06
   150013.094   -0.39705484E+01  -0.31866024E+01  -0.18187004E+01   0.10000000E+03   0.15001400E+06   0.10000000E-06
   150013.203   -0.59178793E+01  -0.51375159E+01  -0.37836626E+01   0.10000000E+03   0.15001400E+06   0.10000000E-06
   150013.297   -0.80089529E+01  -0.72297251E+01  -0.58810200E+01   0.10000000E+03   0.15001400E+06   0.10000000E-06
   150013.406   -0.81824575E+01  -0.73284051E+01  -0.59604799E+01   0.10000000E+03   0.15001400E+06   0.10000000E-06
   150013.500   -0.81516738E+01  -0.72976051E+01  -0.59293862E+01   0.10000000E+03   0.15001400E+06   0.10000000E-06
   150013.594   -0.50098017E+01  -0.41113396E+01  -0.24493957E+01   0.10000000E+03   0.15001400E+06   0.10000000E-06
   150013.703   -0.61202848E+01  -0.49102382E+01  -0.30307600E+01   0.10000000E+03   0.15001400E+06   0.10000000E-06
   150013.797   -0.70535881E+01  -0.55834203E+01  -0.35674942E+01   0.10000000E+03   0.15001400E+06   0.10000000E-06
   150013.906   -0.76317300E+01  -0.60201107E+01  -0.39698987E+01   0.10000000E+03   0.15001400E+06   0.10000000E-06
   150014.000   -0.78360754E+01  -0.61145705E+01  -0.40470387E+01   0.10000000E+03   0.15001400E+06   0.10000000E-06
   150014.094   -0.39634886E+01  -0.31797572E+01  -0.18195268E+01   0.10000000E+03   0.15001500E+06   0.10000000E-06
   150014.203   -0.59186612E+01  -0.51390094E+01  -0.37941160E+01   0.10000000E+03   0.15001500E+06   0.10000000E-06
   150014.297   -0.80060149E+01  -0.72278271E+01  -0.58924273E+01   0.10000000E+03   0.15001500E+06   0.10000000E-06
   150014.406   -0.93061471E+01  -0.84548652E+01  -0.70703616E+01   0.10000000E+03   0.15001500E+06   0.10000000E-06
   150014.500   -0.87497810E+01  -0.79645156E+01  -0.65995344E+01   0.10000000E+03   0.15001500E+06   0.10000000E-06
   150014.594   -0.29764171E+01  -0.25142405E+01  -0.13519770E+01   0.10000000E+03   0.15001500E+06   0.10000000E-06
   150014.703   -0.35550946E+01  -0.29482681E+01  -0.15759743E+01   0.10000000E+03   0.15001500E+06   0.10000000E-06
   150014.797   -0.40486124E+01  -0.33717133E+01  -0.19091873E+01   0.10000000E+03   0.15001500E+06   0.10000000E-06
   150014.906   -0.42860326E+01  -0.35801010E+01  -0.20529567E+01   0.10000000E+03   0.15001500E+06   0.10000000E-06
   150015.000   -0.43170161E+01  -0.35563599E+01  -0.20556787E+01   0.10000000E+03   0.15001500E+06   0.10000000E-06
   150015.094   -0.11516498E+02  -0.10728796E+02  -0.94408112E+01   0.10000000E+03   0.15001600E+06   0.10000000E-06
   150015.203   -0.39853125E+01  -0.32007379E+01  -0.19328392E+01   0.10000000E+03   0.15001600E+06   0.10000000E-06
   150015.297   -0.59184021E+01  -0.51393232E+01  -0.39111576E+01   0.10000000E+03   0.15001600E+06   0.10000000E-06
   150015.406   -0.79407391E+01  -0.71616130E+01  -0.59305319E+01   0.10000000E+03   0.15001600E+06   0.10000000E-06
   150015.500   -0.91477396E+01  -0.83239701E+01  -0.69574096E+01   0.10000000E+03   0.15001600E+06   0.10000000E-06
   150015.594   -0.50837980E+01  -0.41156994E+01  -0.23508973E+01   0.10000000E+03   0.15001600E+06   0.10000000E-06
   150015.703   -0.61212167E+01  -0.48634068E+01  -0.28246725E+01   0.10000000E+03   0.15001600E+06   0.10000000E-06
   150015.797   -0.67219912E+01  -0.50066872E+01  -0.28068371E+01   0.10000000E+03   0.15001600E+06   0.10000000E-06
   150015.906   -0.69451939E+01  -0.51237089E+01  -0.29530430E+01   0.10000000E+03   0.15001600E+06   0.10000000E-06
   150016.000   -0.71911200E+01  -0.53477861E+01  -0.31917618E+01   0.10000000E+03   0.15001600E+06   0.10000000E-06
   150016.094   -0.39851566E+01  -0.32008610E+01  -0.19410206E+01   0.10000000E+03   0.15001700E+06   0.10000000E-06
   150016.203   -0.58907795E+01  -0.51115548E+01  -0.38918820E+01   0.10000000E+03   0.15001700E+06   0.10000000E-06
   150016.297   -0.79176880E+01  -0.71386838E+01  -0.59115178E+01   0.10000000E+03   0.15001700E+06   0.10000000E-06
   150016.406   -0.91660260E+01  -0.83521936E+01  -0.69959623E+01   0.10000000E+03   0.15001700E+06   0.10000000E-06
   150016.500   -0.98315043E+01  -0.89875774E+01  -0.76134959E+01   0.10000000E+03   0.15001700E+06   0.10000000E-06
   150016.594   -0.51612132E+01  -0.42147384E+01  -0.24326247E+01   0.10000000E+03   0.15001700E+06   0.10000000E-06
   150016.703   -0.62467984E+01  -0.50211564E+01  -0.29616488E+01   0.10000000E+03   0.15001700E+06   0.10000000E-06
   150016.797   -0.69274379E+01  -0.53416360E+01  -0.32134569E+01   0.10000000E+03   0.15001700E+06   0.10000000E-06
   150016.906   -0.71787658E+01  -0.54028585E+01  -0.32247439E+01   0.10000000E+03   0.15001700E+06   0.10000000E-06
   150017.000   -0.73186376E+01  -0.54156877E+01  -0.31983289E+01   0.10000000E+03   0.15001700E+06   0.10000000E-06
   150017.094   -0.39842739E+01  -0.32001872E+01  -0.19385126E+01   0.10000000E+03   0.15001800E+06   0.10000000E-06
   150017.203   -0.59314401E+01  -0.51533680E+01  -0.39313617E+01   0.10000000E+03   0.15001800E+06   0.10000000E-06
   150017.297   -0.79703707E+01  -0.71890439E+01  -0.59446188E+01   0.10000000E+03   0.15001800E+06   0.10000000E-06
   150017.406   -0.95501255E+01  -0.87486114E+01  -0.74103286E+01   0.10000000E+03   0.15001800E+06   0.10000000E-06
   150017.500   -0.10886756E+02  -0.10047741E+02  -0.86693098E+01   0.10000000E+03   0.15001800E+06   0.10000000E-06
   150017.594   -0.52224104E+01  -0.42994884E+01  -0.25063179E+01   0.10000000E+03   0.15001800E+06   0.10000000E-06
   150017.703   -0.63383821E+01  -0.51393222E+01  -0.30712353E+01   0.10000000E+03   0.15001800E+06   0.10000000E-06
   150017.797   -0.71056158E+01  -0.56039664E+01  -0.35087434E+01   0.10000000E+03   0.15001800E+06   0.10000000E-06
   150017.906   -0.74031920E+01  -0.56810375E+01  -0.35109365E+01   0.10000000E+03   0.15001800E+06   0.10000000E-06
   150018.000   -0.75673825E+01  -0.57588537E+01  -0.35932060E+01   0.10000000E+03   0.15001800E+06   0.10000000E-06
   150018.094   -0.39839983E+01  -0.32001231E+01  -0.19375712E+01   0.10000000E+03   0.15001900E+06   0.10000000E-06
   150018.203   -0.59372520E+01  -0.51594684E+01  -0.39366064E+01   0.10000000E+03   0.15001900E+06   0.10000000E-06
   150018.297   -0.79832955E+01  -0.72023831E+01  -0.59598986E+01   0.10000000E+03   0.15001900E+06   0.10000000E-06
   150018.406   -0.96902883E+01  -0.89032500E+01  -0.76179150E+01   0.10000000E+03   0.15001900E+06   0.10000000E-06
   150018.500   -0.11504973E+02  -0.10700681E+02  -0.93572351E+01   0.10000000E+03   0.15001900E+06   0.10000000E-06
   150018.594   -0.52598294E+01  -0.43508645E+01  -0.26165181E+01   0.10000000E+03   0.15001900E+06   0.10000000E-06
   150018.703   -0.64047352E+01  -0.52576675E+01  -0.32733371E+01   0.10000000E+03   0.15001900E+06   0.10000000E-06
   150018.797   -0.71700434E+01  -0.56765085E+01  -0.35863662E+01   0.10000000E+03   0.15001900E+06   0.10000000E-06
   150018.906   -0.74999291E+01  -0.58154329E+01  -0.36684164E+01   0.10000000E+03   0.15001900E+06   0.10000000E-06
   150019.000   -0.76681679E+01  -0.58356249E+01  -0.36607897E+01   0.10000000E+03   0.15001900E+06   0.10000000E-06
   150019.094   -0.39838389E+01  -0.32001921E+01  -0.19386878E+01   0.10000000E+03   0.15002000E+06   0.10000000E-06
   150019.203   -0.59409167E+01  -0.51633874E+01  -0.39418667E+01   0.10000000E+03   0.15002000E+06   0.10000000E-06
   150019.297   -0.79887824E+01  -0.72069935E+01  -0.59597195E+01   0.10000000E+03   0.15002000E+06   0.10000000E-06
   150019.406   -0.10122296E+02  -0.93177490E+01  -0.80033474E+01   0.10000000E+03   0.15002000E+06   0.10000000E-06
   150019.500   -0.12288272E+02  -0.11446041E+02  -0.10086905E+02   0.10000000E+03   0.15002000E+06   0.10000000E-06
   150019.594   -0.32539752E+01  -0.27507575E+01  -0.15206828E+01   0.10000000E+03   0.15002000E+06   0.10000000E-06
   150019.703   -0.38082919E+01  -0.31907230E+01  -0.17682067E+01   0.10000000E+03   0.15002000E+06   0.10000000E-06
   150019.797   -0.40120843E+01  -0.32898874E+01  -0.18320595E+01   0.10000000E+03   0.15002000E+06   0.10000000E-06
   150019.906   -0.40360219E+01  -0.32677452E+01  -0.17497844E+01   0.10000000E+03   0.15002000E+06   0.10000000E-06
   150020.000   -0.39953974E+01  -0.32356360E+01  -0.17126821E+01   0.10000000E+03   0.15002000E+06   0.10000000E-06
   150020.094   -0.39942415E+01  -0.32113008E+01  -0.19044519E+01   0.10000000E+03   0.15002100E+06   0.10000000E-06
   150020.203   -0.59781515E+01  -0.51997322E+01  -0.39124589E+01   0.10000000E+03   0.15002100E+06   0.10000000E-06
   150020.297   -0.80941764E+01  -0.73072270E+01  -0.59750737E+01   0.10000000E+03   0.15002100E+06   0.10000000E-06
   150020.406   -0.10328936E+02  -0.95021618E+01  -0.81166370E+01   0.10000000E+03   0.15002100E+06   0.10000000E-06
   150020.500   -0.97308200E+01  -0.89086721E+01  -0.75513883E+01   0.10000000E+03   0.15002100E+06   0.10000000E-06
   150020.594   -0.49561499E+01  -0.39332337E+01  -0.22327138E+01   0.10000000E+03   0.15002100E+06   0.10000000E-06
   150020.703   -0.57183529E+01  -0.43371255E+01  -0.25347971E+01   0.10000000E+03   0.15002100E+06   0.10000000E-06
   150020.797   -0.60079154E+01  -0.44757462E+01  -0.26187947E+01   0.10000000E+03   0.15002100E+06   0.10000000E-06
   150020.906   -0.63527433E+01  -0.47560926E+01  -0.27863201E+01   0.10000000E+03   0.15002100E+06   0.10000000E-06
   150021.000   -0.67961638E+01  -0.51431306E+01  -0.30782173E+01   0.10000000E+03   0.15002100E+06   0.10000000E-06
   150021.094   -0.39800011E+01  -0.31970812E+01  -0.19038343E+01   0.10000000E+03   0.15002200E+06   0.10000000E-06
   150021.203   -0.59612246E+01  -0.51827787E+01  -0.39074885E+01   0.10000000E+03   0.15002200E+06   0.10000000E-06
   150021.297   -0.80892088E+01  -0.73005473E+01  -0.59754322E+01   0.10000000E+03   0.15002200E+06   0.10000000E-06
   150021.406   -0.10338887E+02  -0.95081135E+01  -0.81294214E+01   0.10000000E+03   0.15002200E+06   0.10000000E-06
   150021.500   -0.95588325E+01  -0.87445617E+01  -0.73893778E+01   0.10000000E+03   0.15002200E+06   0.10000000E-06
   150021.594   -0.50385854E+01  -0.39679472E+01  -0.22433877E+01   0.10000000E+03   0.15002200E+06   0.10000000E-06
   150021.703   -0.57873827E+01  -0.43704488E+01  -0.24826836E+01   0.10000000E+03   0.15002200E+06   0.10000000E-06
   150021.797   -0.65028806E+01  -0.49783357E+01  -0.30010936E+01   0.10000000E+03   0.15002200E+06   0.10000000E-06
   150021.906   -0.69107104E+01  -0.52770991E+01  -0.32646302E+01   0.10000000E+03   0.15002200E+06   0.10000000E-06
   150022.000   -0.71325220E+01  -0.54225305E+01  -0.33559143E+01   0.10000000E+03   0.15002200E+06   0.10000000E-06
   150022.094   -0.39776407E+01  -0.31940245E+01  -0.18923929E+01   0.10000000E+03   0.15002300E+06   0.10000000E-06
   150022.203   -0.59633795E+01  -0.51841095E+01  -0.39004339E+01   0.10000000E+03   0.15002300E+06   0.10000000E-06
   150022.297   -0.80905032E+01  -0.72998276E+01  -0.59649687E+01   0.10000000E+03   0.15002300E+06   0.10000000E-06
   150022.406   -0.10332161E+02  -0.94988689E+01  -0.81151577E+01   0.10000000E+03   0.15002300E+06   0.10000000E-06
   150022.500   -0.93325909E+01  -0.84948018E+01  -0.71338078E+01   0.10000000E+03   0.15002300E+06   0.10000000E-06
   150022.594   -0.50435777E+01  -0.39847117E+01  -0.22366143E+01   0.10000000E+03   0.15002300E+06   0.10000000E-06
   150022.703   -0.59897974E+01  -0.46679580E+01  -0.28167133E+01   0.10000000E+03   0.15002300E+06   0.10000000E-06
   150022.797   -0.67486965E+01  -0.52623476E+01  -0.32856369E+01   0.10000000E+03   0.15002300E+06   0.10000000E-06
   150022.906   -0.71114153E+01  -0.54575488E+01  -0.33560211E+01   0.10000000E+03   0.15002300E+06   0.10000000E-06
   150023.000   -0.72961824E+01  -0.55710041E+01  -0.34961150E+01   0.10000000E+03   0.15002300E+06   0.10000000E-06
   150023.094   -0.39762390E+01  -0.31921748E+01  -0.18869204E+01   0.10000000E+03   0.15002400E+06   0.10000000E-06
   150023.203   -0.59665325E+01  -0.51866665E+01  -0.39003628E+01   0.10000000E+03   0.15002400E+06   0.10000000E-06
   150023.297   -0.80790039E+01  -0.72903252E+01  -0.59583353E+01   0.10000000E+03   0.15002400E+06   0.10000000E-06
   150023.406   -0.10288664E+02  -0.94623800E+01  -0.80806772E+01   0.10000000E+03   0.15002400E+06   0.10000000E-06
   150023.500   -0.91891834E+01  -0.83595377E+01  -0.69968949E+01   0.10000000E+03   0.15002400E+06   0.10000000E-06
   150023.594   -0.50519738E+01  -0.40262708E+01  -0.22925595E+01   0.10000000E+03   0.15002400E+06   0.10000000E-06
   150023.703   -0.60808695E+01  -0.48131115E+01  -0.29429487E+01   0.10000000E+03   0.15002400E+06   0.10000000E-06
   150023.797   -0.68859205E+01  -0.53599010E+01  -0.32939264E+01   0.10000000E+03   0.15002400E+06   0.10000000E-06
   150023.906   -0.72071694E+01  -0.54999816E+01  -0.33594022E+01   0.10000000E+03   0.15002400E+06   0.10000000E-06
   150024.000   -0.73661799E+01  -0.55844850E+01  -0.34345980E+01   0.10000000E+03   0.15002400E+06   0.10000000E-06
   150024.094   -0.39749379E+01  -0.31906576E+01  -0.18836856E+01   0.10000000E+03   0.15002500E+06   0.10000000E-06
   150024.203   -0.59687387E+01  -0.51883907E+01  -0.39015755E+01   0.10000000E+03   0.15002500E+06   0.10000000E-06
   150024.297   -0.80791877E+01  -0.72924568E+01  -0.59667588E+01   0.10000000E+03   0.15002500E+06   0.10000000E-06
   150024.406   -0.10282330E+02  -0.94624764E+01  -0.80854088E+01   0.10000000E+03   0.15002500E+06   0.10000000E-06
   150024.500   -0.12478322E+02  -0.11609958E+02  -0.10247089E+02   0.10000000E+03   0.15002500E+06   0.10000000E-06
   150024.594   -0.31553600E+01  -0.26436758E+01  -0.14321017E+01   0.10000000E+03   0.15002500E+06   0.10000000E-06
   150024.703   -0.36558258E+01  -0.30499672E+01  -0.16755231E+01   0.10000000E+03   0.15002500E+06   0.10000000E-06
   150024.797   -0.38145687E+01  -0.31113870E+01  -0.15976885E+01   0.10000000E+03   0.15002500E+06   0.10000000E-06
   150024.906   -0.38471843E+01  -0.31624481E+01  -0.16818966E+01   0.10000000E+03   0.15002500E+06   0.10000000E-06
   150025.000   -0.38234161E+01  -0.31307201E+01  -0.17071857E+01   0.10000000E+03   0.15002500E+06   0.10000000E-06
   150025.094   -0.39751249E+01  -0.31882007E+01  -0.19303069E+01   0.10000000E+03   0.15002600E+06   0.10000000E-06
   150025.203   -0.59649752E+01  -0.51840321E+01  -0.39508971E+01   0.10000000E+03   0.15002600E+06   0.10000000E-06
   150025.297   -0.80352764E+01  -0.72489497E+01  -0.59764863E+01   0.10000000E+03   0.15002600E+06   0.10000000E-06
   150025.406   -0.10175917E+02  -0.93633889E+01  -0.80271853E+01   0.10000000E+03   0.15002600E+06   0.10000000E-06
   150025.500   -0.12318921E+02  -0.11470596E+02  -0.10105011E+02   0.10000000E+03   0.15002600E+06   0.10000000E-06
   150025.594   -0.48709399E+01  -0.38505429E+01  -0.21930706E+01   0.10000000E+03   0.15002600E+06   0.10000000E-06
   150025.703   -0.57078758E+01  -0.44014027E+01  -0.25490922E+01   0.10000000E+03   0.15002600E+06   0.10000000E-06
   150025.797   -0.62007192E+01  -0.46509342E+01  -0.26642018E+01   0.10000000E+03   0.15002600E+06   0.10000000E-06
   150025.906   -0.66462813E+01  -0.49708988E+01  -0.28087257E+01   0.10000000E+03   0.15002600E+06   0.10000000E-06
   150026.000   -0.70733342E+01  -0.53693546E+01  -0.32274920E+01   0.10000000E+03   0.15002600E+06   0.10000000E-06
   150026.094   -0.40571693E+01  -0.32699338E+01  -0.20093102E+01   0.10000000E+03   0.15002700E+06   0.10000000E-06
   150026.203   -0.46983675E+01  -0.39133046E+01  -0.26664684E+01   0.10000000E+03   0.15002700E+06   0.10000000E-06
   150026.297   -0.67490891E+01  -0.59676762E+01  -0.47328081E+01   0.10000000E+03   0.15002700E+06   0.10000000E-06
   150026.406   -0.87424358E+01  -0.79578996E+01  -0.66980670E+01   0.10000000E+03   0.15002700E+06   0.10000000E-06
   150026.500   -0.10861138E+02  -0.10063475E+02  -0.87548387E+01   0.10000000E+03   0.15002700E+06   0.10000000E-06
   150026.594   -0.48772644E+01  -0.38762098E+01  -0.22201582E+01   0.10000000E+03   0.15002700E+06   0.10000000E-06
   150026.703   -0.57857762E+01  -0.44807763E+01  -0.25915821E+01   0.10000000E+03   0.15002700E+06   0.10000000E-06
   150026.797   -0.65227801E+01  -0.50452261E+01  -0.29909369E+01   0.10000000E+03   0.15002700E+06   0.10000000E-06
   150026.906   -0.69481136E+01  -0.53780468E+01  -0.33482334E+01   0.10000000E+03   0.15002700E+06   0.10000000E-06
   150027.000   -0.72589045E+01  -0.56066199E+01  -0.35562306E+01   0.10000000E+03   0.15002700E+06   0.10000000E-06
   150027.094   -0.39703685E+01  -0.31834264E+01  -0.19222847E+01   0.10000000E+03   0.15002800E+06   0.10000000E-06
   150027.203   -0.59698883E+01  -0.51881787E+01  -0.39496960E+01   0.10000000E+03   0.15002800E+06   0.10000000E-06
   150027.297   -0.80446831E+01  -0.72566296E+01  -0.59785653E+01   0.10000000E+03   0.15002800E+06   0.10000000E-06
   150027.406   -0.10183036E+02  -0.93659615E+01  -0.80240945E+01   0.10000000E+03   0.15002800E+06   0.10000000E-06
   150027.500   -0.12301179E+02  -0.11451130E+02  -0.10081261E+02   0.10000000E+03   0.15002800E+06   0.10000000E-06
   150027.594   -0.48975895E+01  -0.39024039E+01  -0.22305288E+01   0.10000000E+03   0.15002800E+06   0.10000000E-06
   150027.703   -0.58974643E+01  -0.46828046E+01  -0.27874692E+01   0.10000000E+03   0.15002800E+06   0.10000000E-06
   150027.797   -0.67137762E+01  -0.53152765E+01  -0.33872187E+01   0.10000000E+03   0.15002800E+06   0.10000000E-06
   150027.906   -0.71144039E+01  -0.55515314E+01  -0.35248233E+01   0.10000000E+03   0.15002800E+06   0.10000000E-06
   150028.000   -0.73796332E+01  -0.57063188E+01  -0.36296879E+01   0.10000000E+03   0.15002800E+06   0.10000000E-06
   150028.094   -0.43300764E+01  -0.35418816E+01  -0.22742310E+01   0.10000000E+03   0.15002900E+06   0.10000000E-06
   150028.203   -0.42158588E+01  -0.34298466E+01  -0.21754778E+01   0.10000000E+03   0.15002900E+06   0.10000000E-06
   150028.297   -0.62448498E+01  -0.54624498E+01  -0.42214163E+01   0.10000000E+03   0.15002900E+06   0.10000000E-06
   150028.406   -0.82929693E+01  -0.75035777E+01  -0.62187688E+01   0.10000000E+03   0.15002900E+06   0.10000000E-06
   150028.500   -0.10421009E+02  -0.96019689E+01  -0.82557134E+01   0.10000000E+03   0.15002900E+06   0.10000000E-06
   150028.594   -0.49185378E+01  -0.39379084E+01  -0.22699096E+01   0.10000000E+03   0.15002900E+06   0.10000000E-06
   150028.703   -0.59478428E+01  -0.47721310E+01  -0.29013549E+01   0.10000000E+03   0.15002900E+06   0.10000000E-06
   150028.797   -0.68295314E+01  -0.54424138E+01  -0.34830548E+01   0.10000000E+03   0.15002900E+06   0.10000000E-06
   150028.906   -0.72587854E+01  -0.56501665E+01  -0.35419454E+01   0.10000000E+03   0.15002900E+06   0.10000000E-06
   150029.000   -0.74670600E+01  -0.57182423E+01  -0.35836974E+01   0.10000000E+03   0.15002900E+06   0.10000000E-06
   150029.094   -0.39704825E+01  -0.31835933E+01  -0.19270019E+01   0.10000000E+03   0.15003000E+06   0.10000000E-06
   150029.203   -0.59741998E+01  -0.51910687E+01  -0.39472018E+01   0.10000000E+03   0.15003000E+06   0.10000000E-06
   150029.297   -0.80444772E+01  -0.72444605E+01  -0.59285131E+01   0.10000000E+03   0.15003000E+06   0.10000000E-06
   150029.406   -0.10132142E+02  -0.92933175E+01  -0.79180031E+01   0.10000000E+03   0.15003000E+06   0.10000000E-06
   150029.500   -0.78422256E+01  -0.70014331E+01  -0.56293422E+01   0.10000000E+03   0.15003000E+06   0.10000000E-06
   150029.594   -0.32448109E+01  -0.27608853E+01  -0.14645291E+01   0.10000000E+03   0.15003000E+06   0.10000000E-06
   150029.703   -0.36461983E+01  -0.30632132E+01  -0.16467310E+01   0.10000000E+03   0.15003000E+06   0.10000000E-06
   150029.797   -0.37328666E+01  -0.30922435E+01  -0.16819853E+01   0.10000000E+03   0.15003000E+06   0.10000000E-06
   150029.906   -0.37347232E+01  -0.30762089E+01  -0.16226516E+01   0.10000000E+03   0.15003000E+06   0.10000000E-06
   150030.000   -0.37286376E+01  -0.30684353E+01  -0.16367087E+01   0.10000000E+03   0.15003000E+06   0.10000000E-06
   150030.094   -0.39437099E+01  -0.31465645E+01  -0.18401332E+01   0.10000000E+03   0.15003100E+06   0.10000000E-06
   150030.203   -0.50448775E+01  -0.42349703E+01  -0.28625003E+01   0.10000000E+03   0.15003100E+06   0.10000000E-06
   150030.297   -0.69777273E+01  -0.61658491E+01  -0.47845810E+01   0.10000000E+03   0.15003100E+06   0.10000000E-06
   150030.406   -0.88903772E+01  -0.80765957E+01  -0.66900937E+01   0.10000000E+03   0.15003100E+06   0.10000000E-06
   150030.500   -0.10788154E+02  -0.99724424E+01  -0.85827961E+01   0.10000000E+03   0.15003100E+06   0.10000000E-06
   150030.594   -0.47211095E+01  -0.37447572E+01  -0.21679810E+01   0.10000000E+03   0.15003100E+06   0.10000000E-06
   150030.703   -0.54807981E+01  -0.42544232E+01  -0.24654559E+01   0.10000000E+03   0.15003100E+06   0.10000000E-06
   150030.797   -0.58824694E+01  -0.44393442E+01  -0.25868264E+01   0.10000000E+03   0.15003100E+06   0.10000000E-06
   150030.906   -0.62218647E+01  -0.46902171E+01  -0.26912013E+01   0.10000000E+03   0.15003100E+06   0.10000000E-06
   150031.000   -0.66582828E+01  -0.49883087E+01  -0.28549424E+01   0.10000000E+03   0.15003100E+06   0.10000000E-06
   150031.094   -0.39687097E+01  -0.31746467E+01  -0.18783531E+01   0.10000000E+03   0.15003200E+06   0.10000000E-06
   150031.203   -0.58793688E+01  -0.50909691E+01  -0.38111758E+01   0.10000000E+03   0.15003200E+06   0.10000000E-06
   150031.297   -0.79173603E+01  -0.71332278E+01  -0.58668139E+01   0.10000000E+03   0.15003200E+06   0.10000000E-06
   150031.406   -0.99657722E+01  -0.91838655E+01  -0.79292846E+01   0.10000000E+03   0.15003200E+06   0.10000000E-06
   150031.500   -0.12024436E+02  -0.11231199E+02  -0.99520030E+01   0.10000000E+03   0.15003200E+06   0.10000000E-06
   150031.594   -0.47614538E+01  -0.37876217E+01  -0.22542273E+01   0.10000000E+03   0.15003200E+06   0.10000000E-06
   150031.703   -0.55792358E+01  -0.43554744E+01  -0.25543646E+01   0.10000000E+03   0.15003200E+06   0.10000000E-06
   150031.797   -0.62543916E+01  -0.48203571E+01  -0.28674728E+01   0.10000000E+03   0.15003200E+06   0.10000000E-06
   150031.906   -0.66513676E+01  -0.50931018E+01  -0.30573258E+01   0.10000000E+03   0.15003200E+06   0.10000000E-06
   150032.000   -0.69694931E+01  -0.53220166E+01  -0.32754833E+01   0.10000000E+03   0.15003200E+06   0.10000000E-06
   150032.094   -0.39642717E+01  -0.31709625E+01  -0.18780573E+01   0.10000000E+03   0.15003300E+06   0.10000000E-06
   150032.203   -0.58830535E+01  -0.50961764E+01  -0.38207369E+01   0.10000000E+03   0.15003300E+06   0.10000000E-06
   150032.297   -0.79242086E+01  -0.71415959E+01  -0.58822512E+01   0.10000000E+03   0.15003300E+06   0.10000000E-06
   150032.406   -0.99776602E+01  -0.91935805E+01  -0.79190421E+01   0.10000000E+03   0.15003300E+06   0.10000000E-06
   150032.500   -0.12038091E+02  -0.11230692E+02  -0.99298425E+01   0.10000000E+03   0.15003300E+06   0.10000000E-06
   150032.594   -0.47910882E+01  -0.38238558E+01  -0.22334016E+01   0.10000000E+03   0.15003300E+06   0.10000000E-06
   150032.703   -0.57182158E+01  -0.45642484E+01  -0.27931001E+01   0.10000000E+03   0.15003300E+06   0.10000000E-06
   150032.797   -0.65198241E+01  -0.51119016E+01  -0.31766978E+01   0.10000000E+03   0.15003300E+06   0.10000000E-06
   150032.906   -0.69544740E+01  -0.53629663E+01  -0.32873862E+01   0.10000000E+03   0.15003300E+06   0.10000000E-06
   150033.000   -0.71666645E+01  -0.54415179E+01  -0.33205870E+01   0.10000000E+03   0.15003300E+06   0.10000000E-06
   150033.094   -0.39613036E+01  -0.31686496E+01  -0.18760249E+01   0.10000000E+03   0.15003400E+06   0.10000000E-06
   150033.203   -0.58825242E+01  -0.50969459E+01  -0.38213458E+01   0.10000000E+03   0.15003400E+06   0.10000000E-06
   150033.297   -0.79271689E+01  -0.71449547E+01  -0.58829312E+01   0.10000000E+03   0.15003400E+06   0.10000000E-06
   150033.406   -0.99841002E+01  -0.91964005E+01  -0.79069965E+01   0.10000000E+03   0.15003400E+06   0.10000000E-06
   150033.500   -0.12040302E+02  -0.11222847E+02  -0.99096406E+01   0.10000000E+03   0.15003400E+06   0.10000000E-06
   150033.594   -0.48184237E+01  -0.38605085E+01  -0.22607378E+01   0.10000000E+03   0.15003400E+06   0.10000000E-06
   150033.703   -0.58217642E+01  -0.47217401E+01  -0.29512887E+01   0.10000000E+03   0.15003400E+06   0.10000000E-06
   150033.797   -0.67238654E+01  -0.53372545E+01  -0.33014456E+01   0.10000000E+03   0.15003400E+06   0.10000000E-06
   150033.906   -0.71257009E+01  -0.55240575E+01  -0.34101124E+01   0.10000000E+03   0.15003400E+06   0.10000000E-06
   150034.000   -0.73990060E+01  -0.56498928E+01  -0.34678009E+01   0.10000000E+03   0.15003400E+06   0.10000000E-06
   150034.094   -0.45984281E+01  -0.38096332E+01  -0.25162134E+01   0.10000000E+03   0.15003500E+06   0.10000000E-06
   150034.203   -0.40634102E+01  -0.32612134E+01  -0.19442792E+01   0.10000000E+03   0.15003500E+06   0.10000000E-06
   150034.297   -0.60134539E+01  -0.52129807E+01  -0.39010310E+01   0.10000000E+03   0.15003500E+06   0.10000000E-06
   150034.406   -0.80251727E+01  -0.72245784E+01  -0.59123225E+01   0.10000000E+03   0.15003500E+06   0.10000000E-06
   150034.500   -0.10036545E+02  -0.92355606E+01  -0.79223110E+01   0.10000000E+03   0.15003500E+06   0.10000000E-06
   150034.594   -0.31414431E+01  -0.26727790E+01  -0.14072894E+01   0.10000000E+03   0.15003500E+06   0.10000000E-06
   150034.703   -0.35788928E+01  -0.30464192E+01  -0.17347105E+01   0.10000000E+03   0.15003500E+06   0.10000000E-06
   150034.797   -0.36692986E+01  -0.30650664E+01  -0.16304773E+01   0.10000000E+03   0.15003500E+06   0.10000000E-06
   150034.906   -0.36830555E+01  -0.30815391E+01  -0.17010979E+01   0.10000000E+03   0.15003500E+06   0.10000000E-06
   150035.000   -0.36805186E+01  -0.30816043E+01  -0.16749020E+01   0.10000000E+03   0.15003500E+06   0.10000000E-06
   150035.094   -0.39973108E+01  -0.32068189E+01  -0.19500491E+01   0.10000000E+03   0.15003600E+06   0.10000000E-06
   150035.203   -0.60955166E+01  -0.53031719E+01  -0.40454724E+01   0.10000000E+03   0.15003600E+06   0.10000000E-06
   150035.297   -0.81969341E+01  -0.73836907E+01  -0.60680884E+01   0.10000000E+03   0.15003600E+06   0.10000000E-06
   150035.406   -0.10278557E+02  -0.94349320E+01  -0.80514535E+01   0.10000000E+03   0.15003600E+06   0.10000000E-06
   150035.500   -0.81569875E+01  -0.73350044E+01  -0.59961940E+01   0.10000000E+03   0.15003600E+06   0.10000000E-06
   150035.594   -0.47098347E+01  -0.37273088E+01  -0.21046139E+01   0.10000000E+03   0.15003600E+06   0.10000000E-06
   150035.703   -0.55140089E+01  -0.42996243E+01  -0.24529836E+01   0.10000000E+03   0.15003600E+06   0.10000000E-06
   150035.797   -0.61085659E+01  -0.46560283E+01  -0.27069598E+01   0.10000000E+03   0.15003600E+06   0.10000000E-06
   150035.906   -0.65660994E+01  -0.50058837E+01  -0.28953791E+01   0.10000000E+03   0.15003600E+06   0.10000000E-06
   150036.000   -0.69841953E+01  -0.53945886E+01  -0.33656665E+01   0.10000000E+03   0.15003600E+06   0.10000000E-06
   150036.094   -0.39940435E+01  -0.32034849E+01  -0.19476324E+01   0.10000000E+03   0.15003700E+06   0.10000000E-06
   150036.203   -0.60872929E+01  -0.52933243E+01  -0.40311916E+01   0.10000000E+03   0.15003700E+06   0.10000000E-06
   150036.297   -0.81705511E+01  -0.73542832E+01  -0.60347086E+01   0.10000000E+03   0.15003700E+06   0.10000000E-06
   150036.406   -0.91576616E+01  -0.83431639E+01  -0.70142266E+01   0.10000000E+03   0.15003700E+06   0.10000000E-06
   150036.500   -0.87508620E+01  -0.79556524E+01  -0.66531157E+01   0.10000000E+03   0.15003700E+06   0.10000000E-06
   150036.594   -0.47363314E+01  -0.37651616E+01  -0.21444688E+01   0.10000000E+03   0.15003700E+06   0.10000000E-06
   150036.703   -0.56093307E+01  -0.44061613E+01  -0.25504010E+01   0.10000000E+03   0.15003700E+06   0.10000000E-06
   150036.797   -0.63843973E+01  -0.49893388E+01  -0.29763161E+01   0.10000000E+03   0.15003700E+06   0.10000000E-06
   150036.906   -0.67782121E+01  -0.52216773E+01  -0.31978798E+01   0.10000000E+03   0.15003700E+06   0.10000000E-06
   150037.000   -0.70255832E+01  -0.53489572E+01  -0.32536117E+01   0.10000000E+03   0.15003700E+06   0.10000000E-06
   150037.094   -0.39936221E+01  -0.32031016E+01  -0.19466807E+01   0.10000000E+03   0.15003800E+06   0.10000000E-06
   150037.203   -0.60881181E+01  -0.52920529E+01  -0.40202110E+01   0.10000000E+03   0.15003800E+06   0.10000000E-06
   150037.297   -0.81662487E+01  -0.73429646E+01  -0.60073753E+01   0.10000000E+03   0.15003800E+06   0.10000000E-06
   150037.406   -0.95701730E+01  -0.87773682E+01  -0.75120082E+01   0.10000000E+03   0.15003800E+06   0.10000000E-06
   150037.500   -0.96773673E+01  -0.88751674E+01  -0.75619545E+01   0.10000000E+03   0.15003800E+06   0.10000000E-06
   150037.594   -0.47671700E+01  -0.38005329E+01  -0.21762575E+01   0.10000000E+03   0.15003800E+06   0.10000000E-06
   150037.703   -0.57111984E+01  -0.45507960E+01  -0.27304568E+01   0.10000000E+03   0.15003800E+06   0.10000000E-06
   150037.797   -0.65672604E+01  -0.52089778E+01  -0.32284326E+01   0.10000000E+03   0.15003800E+06   0.10000000E-06
   150037.906   -0.69373567E+01  -0.53874867E+01  -0.33606378E+01   0.10000000E+03   0.15003800E+06   0.10000000E-06
   150038.000   -0.71531418E+01  -0.55155308E+01  -0.34442909E+01   0.10000000E+03   0.15003800E+06   0.10000000E-06
   150038.094   -0.39944058E+01  -0.32038723E+01  -0.19468758E+01   0.10000000E+03   0.15003900E+06   0.10000000E-06
   150038.203   -0.60554152E+01  -0.52593124E+01  -0.39882659E+01   0.10000000E+03   0.15003900E+06   0.10000000E-06
   150038.297   -0.81534629E+01  -0.73262592E+01  -0.59825369E+01   0.10000000E+03   0.15003900E+06   0.10000000E-06
   150038.406   -0.97140127E+01  -0.89201461E+01  -0.76591712E+01   0.10000000E+03   0.15003900E+06   0.10000000E-06
   150038.500   -0.11093877E+02  -0.10301595E+02  -0.90047346E+01   0.10000000E+03   0.15003900E+06   0.10000000E-06
   150038.594   -0.47994758E+01  -0.38376988E+01  -0.22094598E+01   0.10000000E+03   0.15003900E+06   0.10000000E-06
   150038.703   -0.57821348E+01  -0.46275109E+01  -0.27756104E+01   0.10000000E+03   0.15003900E+06   0.10000000E-06
   150038.797   -0.66854477E+01  -0.53381076E+01  -0.33919654E+01   0.10000000E+03   0.15003900E+06   0.10000000E-06
   150038.906   -0.70560988E+01  -0.54839893E+01  -0.34516276E+01   0.10000000E+03   0.15003900E+06   0.10000000E-06
   150039.000   -0.72604300E+01  -0.55918291E+01  -0.35159336E+01   0.10000000E+03   0.15003900E+06   0.10000000E-06
   150039.094   -0.39949301E+01  -0.32043799E+01  -0.19467732E+01   0.10000000E+03   0.15004000E+06   0.10000000E-06
   150039.203   -0.60858628E+01  -0.52853663E+01  -0.39995280E+01   0.10000000E+03   0.15004000E+06   0.10000000E-06
   150039.297   -0.81707039E+01  -0.73376568E+01  -0.59809679E+01   0.10000000E+03   0.15004000E+06   0.10000000E-06
   150039.406   -0.92325374E+01  -0.84398892E+01  -0.71554356E+01   0.10000000E+03   0.15004000E+06   0.10000000E-06
   150039.500   -0.88870302E+01  -0.80854649E+01  -0.67733004E+01   0.10000000E+03   0.15004000E+06   0.10000000E-06
   150039.594   -0.31986400E+01  -0.27284219E+01  -0.13838079E+01   0.10000000E+03   0.15004000E+06   0.10000000E-06
   150039.703   -0.35565244E+01  -0.30431386E+01  -0.16171043E+01   0.10000000E+03   0.15004000E+06   0.10000000E-06
   150039.797   -0.36248312E+01  -0.30523043E+01  -0.16419598E+01   0.10000000E+03   0.15004000E+06   0.10000000E-06
   150039.906   -0.36262121E+01  -0.30441474E+01  -0.16420977E+01   0.10000000E+03   0.15004000E+06   0.10000000E-06
   150040.000   -0.36267320E+01  -0.30468375E+01  -0.16425640E+01   0.10000000E+03   0.15004000E+06   0.10000000E-06
   150040.094   -0.39603006E+01  -0.31658013E+01  -0.19066878E+01   0.10000000E+03   0.15004100E+06   0.10000000E-06
   150040.203   -0.58617295E+01  -0.50750102E+01  -0.38301536E+01   0.10000000E+03   0.15004100E+06   0.10000000E-06
   150040.297   -0.78788455E+01  -0.70896700E+01  -0.58203912E+01   0.10000000E+03   0.15004100E+06   0.10000000E-06
   150040.406   -0.98933267E+01  -0.90840905E+01  -0.77951380E+01   0.10000000E+03   0.15004100E+06   0.10000000E-06
   150040.500   -0.11836813E+02  -0.11007149E+02  -0.97092239E+01   0.10000000E+03   0.15004100E+06   0.10000000E-06
   150040.594   -0.46433232E+01  -0.36889377E+01  -0.21457367E+01   0.10000000E+03   0.15004100E+06   0.10000000E-06
   150040.703   -0.54120967E+01  -0.42273586E+01  -0.23819767E+01   0.10000000E+03   0.15004100E+06   0.10000000E-06
   150040.797   -0.58972987E+01  -0.44670305E+01  -0.25334006E+01   0.10000000E+03   0.15004100E+06   0.10000000E-06
   150040.906   -0.63325035E+01  -0.48044962E+01  -0.28082457E+01   0.10000000E+03   0.15004100E+06   0.10000000E-06
   150041.000   -0.67535623E+01  -0.51647872E+01  -0.31726034E+01   0.10000000E+03   0.15004100E+06   0.10000000E-06
   150041.094   -0.39527784E+01  -0.31581929E+01  -0.19008672E+01   0.10000000E+03   0.15004200E+06   0.10000000E-06
   150041.203   -0.58542413E+01  -0.50673389E+01  -0.38204136E+01   0.10000000E+03   0.15004200E+06   0.10000000E-06
   150041.297   -0.78743374E+01  -0.70812976E+01  -0.58074860E+01   0.10000000E+03   0.15004200E+06   0.10000000E-06
   150041.406   -0.98768775E+01  -0.90612758E+01  -0.77676659E+01   0.10000000E+03   0.15004200E+06   0.10000000E-06
   150041.500   -0.11788654E+02  -0.10955456E+02  -0.96530129E+01   0.10000000E+03   0.15004200E+06   0.10000000E-06
   150041.594   -0.46749479E+01  -0.37204321E+01  -0.21565135E+01   0.10000000E+03   0.15004200E+06   0.10000000E-06
   150041.703   -0.54999634E+01  -0.43174682E+01  -0.24993049E+01   0.10000000E+03   0.15004200E+06   0.10000000E-06
   150041.797   -0.62096257E+01  -0.48060580E+01  -0.28925557E+01   0.10000000E+03   0.15004200E+06   0.10000000E-06
   150041.906   -0.67127601E+01  -0.51748216E+01  -0.31514122E+01   0.10000000E+03   0.15004200E+06   0.10000000E-06
   150042.000   -0.70848486E+01  -0.54254960E+01  -0.32963412E+01   0.10000000E+03   0.15004200E+06   0.10000000E-06
   150042.094   -0.39488871E+01  -0.31549250E+01  -0.18965217E+01   0.10000000E+03   0.15004300E+06   0.10000000E-06
   150042.203   -0.58490094E+01  -0.50621589E+01  -0.38065854E+01   0.10000000E+03   0.15004300E+06   0.10000000E-06
   150042.297   -0.78661573E+01  -0.70703576E+01  -0.57904712E+01   0.10000000E+03   0.15004300E+06   0.10000000E-06
   150042.406   -0.97387795E+01  -0.89251162E+01  -0.76309772E+01   0.10000000E+03   0.15004300E+06   0.10000000E-06
   150042.500   -0.11350427E+02  -0.10530179E+02  -0.91549630E+01   0.10000000E+03   0.15004300E+06   0.10000000E-06
   150042.594   -0.47071822E+01  -0.37513515E+01  -0.21664533E+01   0.10000000E+03   0.15004300E+06   0.10000000E-06
   150042.703   -0.56220560E+01  -0.44769414E+01  -0.26238833E+01   0.10000000E+03   0.15004300E+06   0.10000000E-06
   150042.797   -0.64427658E+01  -0.50916667E+01  -0.31477557E+01   0.10000000E+03   0.15004300E+06   0.10000000E-06
   150042.906   -0.68971853E+01  -0.53363888E+01  -0.33012442E+01   0.10000000E+03   0.15004300E+06   0.10000000E-06
   150043.000   -0.71875777E+01  -0.54636371E+01  -0.33356195E+01   0.10000000E+03   0.15004300E+06   0.10000000E-06
   150043.094   -0.39458071E+01  -0.31525576E+01  -0.18949157E+01   0.10000000E+03   0.15004400E+06   0.10000000E-06
   150043.203   -0.58445920E+01  -0.50575725E+01  -0.37956839E+01   0.10000000E+03   0.15004400E+06   0.10000000E-06
   150043.297   -0.78625575E+01  -0.70633156E+01  -0.57784648E+01   0.10000000E+03   0.15004400E+06   0.10000000E-06
   150043.406   -0.97121266E+01  -0.89180726E+01  -0.76380161E+01   0.10000000E+03   0.15004400E+06   0.10000000E-06
   150043.500   -0.11710281E+02  -0.10893806E+02  -0.95995856E+01   0.10000000E+03   0.15004400E+06   0.10000000E-06
   150043.594   -0.47413424E+01  -0.37866702E+01  -0.21603452E+01   0.10000000E+03   0.15004400E+06   0.10000000E-06
   150043.703   -0.57070580E+01  -0.45826812E+01  -0.27030493E+01   0.10000000E+03   0.15004400E+06   0.10000000E-06
   150043.797   -0.65885815E+01  -0.51886780E+01  -0.31335916E+01   0.10000000E+03   0.15004400E+06   0.10000000E-06
   150043.906   -0.70208891E+01  -0.53600308E+01  -0.32554086E+01   0.10000000E+03   0.15004400E+06   0.10000000E-06
   150044.000   -0.72552319E+01  -0.54565832E+01  -0.33081750E+01   0.10000000E+03   0.15004400E+06   0.10000000E-06
   150044.094   -0.39430985E+01  -0.31504833E+01  -0.18936024E+01   0.10000000E+03   0.15004500E+06   0.10000000E-06
   150044.203   -0.58405291E+01  -0.50530580E+01  -0.37863322E+01   0.10000000E+03   0.15004500E+06   0.10000000E-06
   150044.297   -0.78564275E+01  -0.70527840E+01  -0.57637070E+01   0.10000000E+03   0.15004500E+06   0.10000000E-06
   150044.406   -0.96914796E+01  -0.88978257E+01  -0.76174290E+01   0.10000000E+03   0.15004500E+06   0.10000000E-06
   150044.500   -0.11690981E+02  -0.10874265E+02  -0.95796924E+01   0.10000000E+03   0.15004500E+06   0.10000000E-06
   150044.594   -0.31137652E+01  -0.26740384E+01  -0.14361942E+01   0.10000000E+03   0.15004500E+06   0.10000000E-06
   150044.703   -0.35191500E+01  -0.30261257E+01  -0.16491314E+01   0.10000000E+03   0.15004500E+06   0.10000000E-06
   150044.797   -0.35917980E+01  -0.30526588E+01  -0.16945318E+01   0.10000000E+03   0.15004500E+06   0.10000000E-06
   150044.906   -0.36013920E+01  -0.30582070E+01  -0.17333719E+01   0.10000000E+03   0.15004500E+06   0.10000000E-06
   150045.000   -0.36014603E+01  -0.30621991E+01  -0.17305936E+01   0.10000000E+03   0.15004500E+06   0.10000000E-06
   150045.094   -0.40058554E+01  -0.32155507E+01  -0.19531024E+01   0.10000000E+03   0.15004600E+06   0.10000000E-06
   150045.203   -0.60626220E+01  -0.52393493E+01  -0.38844559E+01   0.10000000E+03   0.15004600E+06   0.10000000E-06
   150045.297   -0.80332142E+01  -0.71906975E+01  -0.58045458E+01   0.10000000E+03   0.15004600E+06   0.10000000E-06
   150045.406   -0.93541076E+01  -0.85295260E+01  -0.72020285E+01   0.10000000E+03   0.15004600E+06   0.10000000E-06
   150045.500   -0.10032689E+02  -0.92404083E+01  -0.79437491E+01   0.10000000E+03   0.15004600E+06   0.10000000E-06
   150045.594   -0.46824536E+01  -0.37025382E+01  -0.20629374E+01   0.10000000E+03   0.15004600E+06   0.10000000E-06
   150045.703   -0.54683812E+01  -0.42457715E+01  -0.23403796E+01   0.10000000E+03   0.15004600E+06   0.10000000E-06
   150045.797   -0.60344865E+01  -0.45853039E+01  -0.26432089E+01   0.10000000E+03   0.15004600E+06   0.10000000E-06
   150045.906   -0.64610938E+01  -0.48654715E+01  -0.27740535E+01   0.10000000E+03   0.15004600E+06   0.10000000E-06
   150046.000   -0.68132368E+01  -0.51415947E+01  -0.30348408E+01   0.10000000E+03   0.15004600E+06   0.10000000E-06
   150046.094   -0.40040541E+01  -0.32132565E+01  -0.19461918E+01   0.10000000E+03   0.15004700E+06   0.10000000E-06
   150046.203   -0.60387235E+01  -0.52150379E+01  -0.38582178E+01   0.10000000E+03   0.15004700E+06   0.10000000E-06
   150046.297   -0.80086697E+01  -0.71660470E+01  -0.57793568E+01   0.10000000E+03   0.15004700E+06   0.10000000E-06
   150046.406   -0.93041138E+01  -0.84802684E+01  -0.71521428E+01   0.10000000E+03   0.15004700E+06   0.10000000E-06
   150046.500   -0.96483768E+01  -0.88565929E+01  -0.75708592E+01   0.10000000E+03   0.15004700E+06   0.10000000E-06
   150046.594   -0.47146462E+01  -0.37417567E+01  -0.21049888E+01   0.10000000E+03   0.15004700E+06   0.10000000E-06
   150046.703   -0.55568304E+01  -0.43279713E+01  -0.24236892E+01   0.10000000E+03   0.15004700E+06   0.10000000E-06
   150046.797   -0.62947658E+01  -0.48891960E+01  -0.28794120E+01   0.10000000E+03   0.15004700E+06   0.10000000E-06
   150046.906   -0.68159892E+01  -0.52838090E+01  -0.32129316E+01   0.10000000E+03   0.15004700E+06   0.10000000E-06
   150047.000   -0.71427026E+01  -0.54734162E+01  -0.32888555E+01   0.10000000E+03   0.15004700E+06   0.10000000E-06
   150047.094   -0.40042991E+01  -0.32130369E+01  -0.19387038E+01   0.10000000E+03   0.15004800E+06   0.10000000E-06
   150047.203   -0.60468180E+01  -0.52184648E+01  -0.38507585E+01   0.10000000E+03   0.15004800E+06   0.10000000E-06
   150047.297   -0.79911377E+01  -0.71480030E+01  -0.57609720E+01   0.10000000E+03   0.15004800E+06   0.10000000E-06
   150047.406   -0.93658639E+01  -0.85413576E+01  -0.72105337E+01   0.10000000E+03   0.15004800E+06   0.10000000E-06
   150047.500   -0.93977782E+01  -0.86069336E+01  -0.73150515E+01   0.10000000E+03   0.15004800E+06   0.10000000E-06
   150047.594   -0.47483135E+01  -0.37769894E+01  -0.21449593E+01   0.10000000E+03   0.15004800E+06   0.10000000E-06
   150047.703   -0.56551717E+01  -0.44527580E+01  -0.25943813E+01   0.10000000E+03   0.15004800E+06   0.10000000E-06
   150047.797   -0.64905684E+01  -0.51211309E+01  -0.31406120E+01   0.10000000E+03   0.15004800E+06   0.10000000E-06
   150047.906   -0.70385505E+01  -0.55456619E+01  -0.34997357E+01   0.10000000E+03   0.15004800E+06   0.10000000E-06
   150048.000   -0.73089065E+01  -0.56849888E+01  -0.36140908E+01   0.10000000E+03   0.15004800E+06   0.10000000E-06
   150048.094   -0.40054015E+01  -0.32136672E+01  -0.19339209E+01   0.10000000E+03   0.15004900E+06   0.10000000E-06
   150048.203   -0.60431928E+01  -0.52132162E+01  -0.38416513E+01   0.10000000E+03   0.15004900E+06   0.10000000E-06
   150048.297   -0.79816360E+01  -0.71382734E+01  -0.57508165E+01   0.10000000E+03   0.15004900E+06   0.10000000E-06
   150048.406   -0.93297944E+01  -0.85060813E+01  -0.71755220E+01   0.10000000E+03   0.15004900E+06   0.10000000E-06
   150048.500   -0.93460207E+01  -0.85551100E+01  -0.72612733E+01   0.10000000E+03   0.15004900E+06   0.10000000E-06
   150048.594   -0.47854590E+01  -0.38166370E+01  -0.21874760E+01   0.10000000E+03   0.15004900E+06   0.10000000E-06
   150048.703   -0.57315563E+01  -0.45329415E+01  -0.26725157E+01   0.10000000E+03   0.15004900E+06   0.10000000E-06
   150048.797   -0.66127455E+01  -0.52448573E+01  -0.32768025E+01   0.10000000E+03   0.15004900E+06   0.10000000E-06
   150048.906   -0.71575506E+01  -0.56507746E+01  -0.35995421E+01   0.10000000E+03   0.15004900E+06   0.10000000E-06
   150049.000   -0.74154391E+01  -0.57832000E+01  -0.36894604E+01   0.10000000E+03   0.15004900E+06   0.10000000E-06
   150049.094   -0.40066788E+01  -0.32144050E+01  -0.19304826E+01   0.10000000E+03   0.15005000E+06   0.10000000E-06
   150049.203   -0.60334028E+01  -0.52012620E+01  -0.38258526E+01   0.10000000E+03   0.15005000E+06   0.10000000E-06
   150049.297   -0.79579960E+01  -0.71144006E+01  -0.57271117E+01   0.10000000E+03   0.15005000E+06   0.10000000E-06
   150049.406   -0.94642238E+01  -0.86400954E+01  -0.73088835E+01   0.10000000E+03   0.15005000E+06   0.10000000E-06
   150049.500   -0.91250226E+01  -0.83342848E+01  -0.70384765E+01   0.10000000E+03   0.15005000E+06   0.10000000E-06
   150049.594   -0.31970077E+01  -0.27413834E+01  -0.15193970E+01   0.10000000E+03   0.15005000E+06   0.10000000E-06
   150049.703   -0.35117365E+01  -0.30237003E+01  -0.17327231E+01   0.10000000E+03   0.15005000E+06   0.10000000E-06
   150049.797   -0.35575568E+01  -0.30214386E+01  -0.16659422E+01   0.10000000E+03   0.15005000E+06   0.10000000E-06
   150049.906   -0.35614462E+01  -0.30197691E+01  -0.17205763E+01   0.10000000E+03   0.15005000E+06   0.10000000E-06
   150050.000   -0.35621268E+01  -0.30141446E+01  -0.16356761E+01   0.10000000E+03   0.15005000E+06   0.10000000E-06
