   150000.094   -0.45737764E+01  -0.35328597E+01  -0.18874835E+01   0.10000000E+03   0.15000100E+06   0.10000000E-06
   150000.203   -0.62051672E+01  -0.51711540E+01  -0.35502809E+01   0.10000000E+03   0.15000100E+06   0.10000000E-06
   150000.297   -0.80064451E+01  -0.69789584E+01  -0.53858074E+01   0.10000000E+03   0.15000100E+06   0.10000000E-06
   150000.406   -0.72269252E+01  -0.61557268E+01  -0.44701549E+01   0.10000000E+03   0.15000100E+06   0.10000000E-06
   150000.500   -0.72443234E+01  -0.61738150E+01  -0.44883983E+01   0.10000000E+03   0.15000100E+06   0.10000000E-06
   150000.594   -0.86953781E+01  -0.76275720E+01  -0.59429611E+01   0.10000000E+03   0.15000100E+06   0.10000000E-06
   150000.703   -0.10299373E+02  -0.92152770E+01  -0.75174230E+01   0.10000000E+03   0.15000100E+06   0.10000000E-06
   150000.797   -0.11875138E+02  -0.10784113E+02  -0.90814145E+01   0.10000000E+03   0.15000100E+06   0.10000000E-06
   150000.906   -0.13452852E+02  -0.12187035E+02  -0.10653483E+02   0.10000000E+03   0.15000100E+06   0.10000000E-06
   150001.000   -0.15038669E+02  -0.12982348E+02  -0.12239365E+02   0.10000000E+03   0.15000100E+06   0.10000000E-06
   150001.094   -0.45669947E+01  -0.35271350E+01  -0.18853530E+01   0.10000000E+03   0.15000200E+06   0.10000000E-06
   150001.203   -0.62279886E+01  -0.51908799E+01  -0.35582842E+01   0.10000000E+03   0.15000200E+06   0.10000000E-06
   150001.297   -0.80432361E+01  -0.70032187E+01  -0.53609025E+01   0.10000000E+03   0.15000200E+06   0.10000000E-06
   150001.406   -0.98475259E+01  -0.87990752E+01  -0.71293970E+01   0.10000000E+03   0.15000200E+06   0.10000000E-06
   150001.500   -0.11560328E+02  -0.10487219E+02  -0.87854622E+01   0.10000000E+03   0.15000200E+06   0.10000000E-06
   150001.594   -0.13063019E+02  -0.11915620E+02  -0.10264092E+02   0.10000000E+03   0.15000200E+06   0.10000000E-06
   150001.703   -0.14429868E+02  -0.12698317E+02  -0.11636422E+02   0.10000000E+03   0.15000200E+06   0.10000000E-06
   150001.797   -0.15768199E+02  -0.13212316E+02  -0.12977261E+02   0.10000000E+03   0.15000200E+06   0.10000000E-06
   150001.906   -0.17101115E+02  -0.13509049E+02  -0.14311514E+02   0.10000000E+03   0.15000200E+06   0.10000000E-06
   150002.000   -0.18368856E+02  -0.13658585E+02  -0.15588223E+02   0.10000000E+03   0.15000200E+06   0.10000000E-06
   150002.094   -0.45607963E+01  -0.35219271E+01  -0.18833296E+01   0.10000000E+03   0.15000300E+06   0.10000000E-06
   150002.203   -0.62586880E+01  -0.52176390E+01  -0.35717629E+01   0.10000000E+03   0.15000300E+06   0.10000000E-06
   150002.297   -0.80746754E+01  -0.70229629E+01  -0.53459170E+01   0.10000000E+03   0.15000300E+06   0.10000000E-06
   150002.406   -0.97719280E+01  -0.86882431E+01  -0.69845971E+01   0.10000000E+03   0.15000300E+06   0.10000000E-06
   150002.500   -0.11197786E+02  -0.10107087E+02  -0.84040782E+01   0.10000000E+03   0.15000300E+06   0.10000000E-06
   150002.594   -0.12519994E+02  -0.11427988E+02  -0.97355719E+01   0.10000000E+03   0.15000300E+06   0.10000000E-06
   150002.703   -0.13833277E+02  -0.12394411E+02  -0.11054198E+02   0.10000000E+03   0.15000300E+06   0.10000000E-06
   150002.797   -0.15146338E+02  -0.13018258E+02  -0.12369047E+02   0.10000000E+03   0.15000300E+06   0.10000000E-06
   150002.906   -0.16460214E+02  -0.13381409E+02  -0.13683486E+02   0.10000000E+03   0.15000300E+06   0.10000000E-06
   150003.000   -0.17761531E+02  -0.13593463E+02  -0.14984984E+02   0.10000000E+03   0.15000300E+06   0.10000000E-06
   150003.094   -0.45552763E+01  -0.35172596E+01  -0.18814849E+01   0.10000000E+03   0.15000400E+06   0.10000000E-06
   150003.203   -0.62722308E+01  -0.52330019E+01  -0.35932754E+01   0.10000000E+03   0.15000400E+06   0.10000000E-06
   150003.297   -0.81212902E+01  -0.70734673E+01  -0.54054640E+01   0.10000000E+03   0.15000400E+06   0.10000000E-06
   150003.406   -0.98833191E+01  -0.88061155E+01  -0.71036389E+01   0.10000000E+03   0.15000400E+06   0.10000000E-06
   150003.500   -0.11364392E+02  -0.10273239E+02  -0.85678750E+01   0.10000000E+03   0.15000400E+06   0.10000000E-06
   150003.594   -0.12694005E+02  -0.11594536E+02  -0.99102973E+01   0.10000000E+03   0.15000400E+06   0.10000000E-06
   150003.703   -0.14010009E+02  -0.12484808E+02  -0.11233252E+02   0.10000000E+03   0.15000400E+06   0.10000000E-06
   150003.797   -0.15325946E+02  -0.13081268E+02  -0.12551453E+02   0.10000000E+03   0.15000400E+06   0.10000000E-06
   150003.906   -0.16641154E+02  -0.13421347E+02  -0.13867262E+02   0.10000000E+03   0.15000400E+06   0.10000000E-06
   150004.000   -0.17940064E+02  -0.13611625E+02  -0.15178653E+02   0.10000000E+03   0.15000400E+06   0.10000000E-06
   150004.094   -0.45501872E+01  -0.35129720E+01  -0.18800049E+01   0.10000000E+03   0.15000500E+06   0.10000000E-06
   150004.203   -0.62937291E+01  -0.52550473E+01  -0.36170529E+01   0.10000000E+03   0.15000500E+06   0.10000000E-06
   150004.297   -0.81688175E+01  -0.71196826E+01  -0.54483199E+01   0.10000000E+03   0.15000500E+06   0.10000000E-06
   150004.406   -0.99200743E+01  -0.88356756E+01  -0.71313044E+01   0.10000000E+03   0.15000500E+06   0.10000000E-06
   150004.500   -0.11333534E+02  -0.10244893E+02  -0.85428474E+01   0.10000000E+03   0.15000500E+06   0.10000000E-06
   150004.594   -0.12641020E+02  -0.11547040E+02  -0.98648113E+01   0.10000000E+03   0.15000500E+06   0.10000000E-06
   150004.703   -0.13945600E+02  -0.12451070E+02  -0.11175248E+02   0.10000000E+03   0.15000500E+06   0.10000000E-06
   150004.797   -0.15251114E+02  -0.13055230E+02  -0.12482392E+02   0.10000000E+03   0.15000500E+06   0.10000000E-06
   150004.906   -0.16556628E+02  -0.13402330E+02  -0.13788332E+02   0.10000000E+03   0.15000500E+06   0.10000000E-06
   150005.000   -0.17844555E+02  -0.13601359E+02  -0.15079310E+02   0.10000000E+03   0.15000500E+06   0.10000000E-06
   150005.094   -0.45456662E+01  -0.35092206E+01  -0.18789520E+01   0.10000000E+03   0.15000600E+06   0.10000000E-06
   150005.203   -0.63156228E+01  -0.52779807E+01  -0.36435076E+01   0.10000000E+03   0.15000600E+06   0.10000000E-06
   150005.297   -0.82250170E+01  -0.71782557E+01  -0.55132990E+01   0.10000000E+03   0.15000600E+06   0.10000000E-06
   150005.406   -0.10039005E+02  -0.89585945E+01  -0.72567157E+01   0.10000000E+03   0.15000600E+06   0.10000000E-06
   150005.500   -0.11494217E+02  -0.10405378E+02  -0.87033052E+01   0.10000000E+03   0.15000600E+06   0.10000000E-06
   150005.594   -0.12806381E+02  -0.11701095E+02  -0.10033296E+02   0.10000000E+03   0.15000600E+06   0.10000000E-06
   150005.703   -0.14115193E+02  -0.12536420E+02  -0.11349088E+02   0.10000000E+03   0.15000600E+06   0.10000000E-06
   150005.797   -0.15425224E+02  -0.13111778E+02  -0.12660541E+02   0.10000000E+03   0.15000600E+06   0.10000000E-06
   150005.906   -0.16737163E+02  -0.13439963E+02  -0.13972674E+02   0.10000000E+03   0.15000600E+06   0.10000000E-06
   150006.000   -0.17998050E+02  -0.13616508E+02  -0.15239937E+02   0.10000000E+03   0.15000600E+06   0.10000000E-06
   150006.094   -0.45417071E+01  -0.35059724E+01  -0.18783433E+01   0.10000000E+03   0.15000700E+06   0.10000000E-06
   150006.203   -0.63367331E+01  -0.53009927E+01  -0.36733418E+01   0.10000000E+03   0.15000700E+06   0.10000000E-06
   150006.297   -0.82734525E+01  -0.72312036E+01  -0.55807637E+01   0.10000000E+03   0.15000700E+06   0.10000000E-06
   150006.406   -0.10164287E+02  -0.90989125E+01  -0.74019348E+01   0.10000000E+03   0.15000700E+06   0.10000000E-06
   150006.500   -0.11746843E+02  -0.10655540E+02  -0.89503553E+01   0.10000000E+03   0.15000700E+06   0.10000000E-06
   150006.594   -0.13068596E+02  -0.11922533E+02  -0.10294025E+02   0.10000000E+03   0.15000700E+06   0.10000000E-06
   150006.703   -0.14376600E+02  -0.12666625E+02  -0.11611991E+02   0.10000000E+03   0.15000700E+06   0.10000000E-06
   150006.797   -0.15686692E+02  -0.13186518E+02  -0.12924021E+02   0.10000000E+03   0.15000700E+06   0.10000000E-06
   150006.906   -0.16998554E+02  -0.13486808E+02  -0.14235788E+02   0.10000000E+03   0.15000700E+06   0.10000000E-06
   150007.000   -0.18289099E+02  -0.13649831E+02  -0.15522765E+02   0.10000000E+03   0.15000700E+06   0.10000000E-06
   150007.094   -0.45382474E+01  -0.35031981E+01  -0.18781709E+01   0.10000000E+03   0.15000800E+06   0.10000000E-06
   150007.203   -0.63510554E+01  -0.53162840E+01  -0.36923359E+01   0.10000000E+03   0.15000800E+06   0.10000000E-06
   150007.297   -0.83043397E+01  -0.72635329E+01  -0.56185431E+01   0.10000000E+03   0.15000800E+06   0.10000000E-06
   150007.406   -0.10224051E+02  -0.91686430E+01  -0.74847395E+01   0.10000000E+03   0.15000800E+06   0.10000000E-06
   150007.500   -0.11976864E+02  -0.10889136E+02  -0.91821710E+01   0.10000000E+03   0.15000800E+06   0.10000000E-06
   150007.594   -0.13469951E+02  -0.12195944E+02  -0.10678412E+02   0.10000000E+03   0.15000800E+06   0.10000000E-06
   150007.703   -0.14898546E+02  -0.12917379E+02  -0.12115825E+02   0.10000000E+03   0.15000800E+06   0.10000000E-06
   150007.797   -0.16324359E+02  -0.13349591E+02  -0.13545728E+02   0.10000000E+03   0.15000800E+06   0.10000000E-06
   150007.906   -0.17736758E+02  -0.13592018E+02  -0.14953774E+02   0.10000000E+03   0.15000800E+06   0.10000000E-06
   150008.000   -0.19184256E+02  -0.13683221E+02  -0.16433354E+02   0.10000000E+03   0.15000800E+06   0.10000000E-06
   150008.094   -0.45351630E+01  -0.35007511E+01  -0.18782459E+01   0.10000000E+03   0.15000900E+06   0.10000000E-06
   150008.203   -0.63698722E+01  -0.53366693E+01  -0.37191387E+01   0.10000000E+03   0.15000900E+06   0.10000000E-06
   150008.297   -0.83477641E+01  -0.73150249E+01  -0.56994762E+01   0.10000000E+03   0.15000900E+06   0.10000000E-06
   150008.406   -0.60908322E+01  -0.50638382E+01  -0.34563603E+01   0.10000000E+03   0.15000900E+06   0.10000000E-06
   150008.500   -0.60998118E+01  -0.50741302E+01  -0.34701629E+01   0.10000000E+03   0.15000900E+06   0.10000000E-06
   150008.594   -0.85830347E+01  -0.75698716E+01  -0.60275118E+01   0.10000000E+03   0.15000900E+06   0.10000000E-06
   150008.703   -0.10683199E+02  -0.96651152E+01  -0.81043195E+01   0.10000000E+03   0.15000900E+06   0.10000000E-06
   150008.797   -0.12744771E+02  -0.11691063E+02  -0.10162735E+02   0.10000000E+03   0.15000900E+06   0.10000000E-06
   150008.906   -0.14804198E+02  -0.12859247E+02  -0.12221778E+02   0.10000000E+03   0.15000900E+06   0.10000000E-06
   150009.000   -0.16864106E+02  -0.13459337E+02  -0.14282908E+02   0.10000000E+03   0.15000900E+06   0.10000000E-06
   150009.094   -0.45324541E+01  -0.34986528E+01  -0.18786518E+01   0.10000000E+03   0.15001000E+06   0.10000000E-06
   150009.203   -0.64212360E+01  -0.53915543E+01  -0.37894148E+01   0.10000000E+03   0.15001000E+06   0.10000000E-06
   150009.297   -0.85019839E+01  -0.74757023E+01  -0.58868985E+01   0.10000000E+03   0.15001000E+06   0.10000000E-06
   150009.406   -0.10605010E+02  -0.95823585E+01  -0.80047858E+01   0.10000000E+03   0.15001000E+06   0.10000000E-06
   150009.500   -0.12729526E+02  -0.11676507E+02  -0.10139429E+02   0.10000000E+03   0.15001000E+06   0.10000000E-06
   150009.594   -0.31077170E+01  -0.26877717E+01  -0.16735891E+01   0.10000000E+03   0.15001000E+06   0.10000000E-06
   150009.703   -0.35877669E+01  -0.30096376E+01  -0.18016074E+01   0.10000000E+03   0.15001000E+06   0.10000000E-06
   150009.797   -0.40550790E+01  -0.32794269E+01  -0.19040679E+01   0.10000000E+03   0.15001000E+06   0.10000000E-06
   150009.906   -0.44547918E+01  -0.35204433E+01  -0.19992930E+01   0.10000000E+03   0.15001000E+06   0.10000000E-06
   150010.000   -0.48698926E+01  -0.38120280E+01  -0.21604890E+01   0.10000000E+03   0.15001000E+06   0.10000000E-06
   150010.094   -0.40029753E+01  -0.32175025E+01  -0.18125913E+01   0.10000000E+03   0.15001100E+06   0.10000000E-06
   150010.203   -0.58969524E+01  -0.51120234E+01  -0.37092726E+01   0.10000000E+03   0.15001100E+06   0.10000000E-06
   150010.297   -0.79665820E+01  -0.71800124E+01  -0.57712747E+01   0.10000000E+03   0.15001100E+06   0.10000000E-06
   150010.406   -0.10034747E+02  -0.92436290E+01  -0.78255085E+01   0.10000000E+03   0.15001100E+06   0.10000000E-06
   150010.500   -0.12045613E+02  -0.11239733E+02  -0.98160680E+01   0.10000000E+03   0.15001100E+06   0.10000000E-06
   150010.594   -0.47962649E+01  -0.39005719E+01  -0.22560215E+01   0.10000000E+03   0.15001100E+06   0.10000000E-06
   150010.703   -0.57861661E+01  -0.45737378E+01  -0.26401366E+01   0.10000000E+03   0.15001100E+06   0.10000000E-06
   150010.797   -0.66568860E+01  -0.51436740E+01  -0.31249362E+01   0.10000000E+03   0.15001100E+06   0.10000000E-06
   150010.906   -0.71839488E+01  -0.54488342E+01  -0.33341319E+01   0.10000000E+03   0.15001100E+06   0.10000000E-06
   150011.000   -0.74322958E+01  -0.56453183E+01  -0.35825788E+01   0.10000000E+03   0.15001100E+06   0.10000000E-06
   150011.094   -0.39894606E+01  -0.32047761E+01  -0.18152743E+01   0.10000000E+03   0.15001200E+06   0.10000000E-06
   150011.203   -0.58917965E+01  -0.51083773E+01  -0.37236784E+01   0.10000000E+03   0.15001200E+06   0.10000000E-06
   150011.297   -0.79908153E+01  -0.72078336E+01  -0.58249951E+01   0.10000000E+03   0.15001200E+06   0.10000000E-06
   150011.406   -0.69028241E+01  -0.60578695E+01  -0.46765601E+01   0.10000000E+03   0.15001200E+06   0.10000000E-06
   150011.500   -0.69087910E+01  -0.60644688E+01  -0.46825902E+01   0.10000000E+03   0.15001200E+06   0.10000000E-06
   150011.594   -0.48870773E+01  -0.39860403E+01  -0.23212917E+01   0.10000000E+03   0.15001200E+06   0.10000000E-06
   150011.703   -0.59245334E+01  -0.47061945E+01  -0.28007784E+01   0.10000000E+03   0.15001200E+06   0.10000000E-06
   150011.797   -0.67981392E+01  -0.52920155E+01  -0.32156067E+01   0.10000000E+03   0.15001200E+06   0.10000000E-06
   150011.906   -0.73661449E+01  -0.57005396E+01  -0.36157611E+01   0.10000000E+03   0.15001200E+06   0.10000000E-06
   150012.000   -0.75821769E+01  -0.58538211E+01  -0.37982262E+01   0.10000000E+03   0.15001200E+06   0.10000000E-06
   150012.094   -0.39789026E+01  -0.31946654E+01  -0.18170178E+01   0.10000000E+03   0.15001300E+06   0.10000000E-06
   150012.203   -0.59121516E+01  -0.51305324E+01  -0.37629841E+01   0.10000000E+03   0.15001300E+06   0.10000000E-06
   150012.297   -0.80043221E+01  -0.72243330E+01  -0.58649579E+01   0.10000000E+03   0.15001300E+06   0.10000000E-06
   150012.406   -0.78400015E+01  -0.69862503E+01  -0.56193887E+01   0.10000000E+03   0.15001300E+06   0.10000000E-06
   150012.500   -0.78544698E+01  -0.70007570E+01  -0.56339705E+01   0.10000000E+03   0.15001300E+06   0.10000000E-06
   150012.594   -0.49588140E+01  -0.40561886E+01  -0.23840003E+01   0.10000000E+03   0.15001300E+06   0.10000000E-06
   150012.703   -0.60367586E+01  -0.48196274E+01  -0.29391617E+01   0.10000000E+03   0.15001300E+06   0.10000000E-06
   150012.797   -0.69548502E+01  -0.54767525E+01  -0.34294159E+01   0.10000000E+03   0.15001300E+06   0.10000000E-06
   150012.906   -0.75694106E+01  -0.59500139E+01  -0.38848503E+01   0.10000000E+03   0.15001300E+06   0.10000000E-06
   150013.000   -0.77902827E+01  -0.60800203E+01  -0.40248644E+01   0.10000000E+03   0.15001300E+06   0.10000000E-06
   150013.094   -0.39705484E+01  -0.31866024E+01  -0.18187004E+01   0.10000000E+03   0.15001400E+06   0.10000000E-06
   150013.203   -0.59178793E+01  -0.51375159E+01  -0.37836626E+01   0.10000000E+03   0.15001400E+06   0.10000000E-06
   150013.297   -0.80089529E+01  -0.72297251E+01  -0.58810200E+01   0.10000000E+03   0.15001400E+06   0.10000000E-06
   150013.406   -0.81824575E+01  -0.73284051E+01  -0.59604799E+01   0.10000000E+03   0.15001400E+06   0.10000000E-06
   150013.500   -0.81516738E+01  -0.72976051E+01  -0.59293862E+01   0.10000000E+03   0.15001400E+06   0.10000000E-06
   150013.594   -0.50098017E+01  -0.41113396E+01  -0.24493957E+01   0.10000000E+03   0.15001400E+06   0.10000000E-06
   150013.703   -0.61202848E+01  -0.49102382E+01  -0.30307600E+01   0.10000000E+03   0.15001400E+06   0.10000000E-06
   150013.797   -0.70535881E+01  -0.55834203E+01  -0.35674942E+01   0.10000000E+03   0.15001400E+06   0.10000000E-06
   150013.906   -0.76317300E+01  -0.60201107E+01  -0.39698987E+01   0.10000000E+03   0.15001400E+06   0.10000000E-06
   150014.000   -0.78360754E+01  -0.61145705E+01  -0.40470387E+01   0.10000000E+03   0.15001400E+06   0.10000000E-06
   150014.094   -0.39634886E+01  -0.31797572E+01  -0.18195268E+01   0.10000000E+03   0.15001500E+06   0.10000000E-06
   150014.203   -0.59186612E+01  -0.51390094E+01  -0.37941160E+01   0.10000000E+03   0.15001500E+06   0.10000000E-06
   150014.297   -0.80060149E+01  -0.72278271E+01  -0.58924273E+01   0.10000000E+03   0.15001500E+06   0.10000000E-06
   150014.406   -0.93061470E+01  -0.84548652E+01  -0.70703616E+01   0.10000000E+03   0.15001500E+06   0.10000000E-06
   150014.500   -0.87497811E+01  -0.79645156E+01  -0.65995344E+01   0.10000000E+03   0.15001500E+06   0.10000000E-06
   150014.594   -0.29764171E+01  -0.25142405E+01  -0.13519770E+01   0.10000000E+03   0.15001500E+06   0.10000000E-06
   150014.703   -0.35550946E+01  -0.29482681E+01  -0.15759743E+01   0.10000000E+03   0.15001500E+06   0.10000000E-06
   150014.797   -0.40486124E+01  -0.33717133E+01  -0.19091873E+01   0.10000000E+03   0.15001500E+06   0.10000000E-06
   150014.906   -0.42860326E+01  -0.35801010E+01  -0.20529567E+01   0.10000000E+03   0.15001500E+06   0.10000000E-06
   150015.000   -0.43170161E+01  -0.35563599E+01  -0.20556787E+01   0.10000000E+03   0.15001500E+06   0.10000000E-06
   150015.094   -0.99451413E+01  -0.91576777E+01  -0.78695383E+01   0.10000000E+03   0.15001600E+06   0.10000000E-06
   150015.203   -0.39853130E+01  -0.32007384E+01  -0.19328397E+01   0.10000000E+03   0.15001600E+06   0.10000000E-06
   150015.297   -0.59184025E+01  -0.51393236E+01  -0.39111580E+01   0.10000000E+03   0.15001600E+06   0.10000000E-06
   150015.406   -0.79407394E+01  -0.71616133E+01  -0.59305323E+01   0.10000000E+03   0.15001600E+06   0.10000000E-06
   150015.500   -0.91477399E+01  -0.83239703E+01  -0.69574098E+01   0.10000000E+03   0.15001600E+06   0.10000000E-06
   150015.594   -0.50837980E+01  -0.41156994E+01  -0.23508973E+01   0.10000000E+03   0.15001600E+06   0.10000000E-06
   150015.703   -0.61212167E+01  -0.48634068E+01  -0.28246725E+01   0.10000000E+03   0.15001600E+06   0.10000000E-06
   150015.797   -0.67219912E+01  -0.50066872E+01  -0.28068371E+01   0.10000000E+03   0.15001600E+06   0.10000000E-06
   150015.906   -0.69451939E+01  -0.51237089E+01  -0.29530430E+01   0.10000000E+03   0.15001600E+06   0.10000000E-06
   150016.000   -0.71911200E+01  -0.53477861E+01  -0.31917618E+01   0.10000000E+03   0.15001600E+06   0.10000000E-06
   150016.094   -0.39851566E+01  -0.32008610E+01  -0.19410206E+01   0.10000000E+03   0.15001700E+06   0.10000000E-06
   150016.203   -0.58907795E+01  -0.51115548E+01  -0.38918820E+01   0.10000000E+03   0.15001700E+06   0.10000000E-06
   150016.297   -0.79176880E+01  -0.71386838E+01  -0.59115178E+01   0.10000000E+03   0.15001700E+06   0.10000000E-06
   150016.406   -0.91660260E+01  -0.83521936E+01  -0.69959623E+01   0.10000000E+03   0.15001700E+06   0.10000000E-06
   150016.500   -0.98315043E+01  -0.89875774E+01  -0.76134959E+01   0.10000000E+03   0.15001700E+06   0.10000000E-06
   150016.594   -0.51612132E+01  -0.42147384E+01  -0.24326247E+01   0.10000000E+03   0.15001700E+06   0.10000000E-06
   150016.703   -0.62467984E+01  -0.50211564E+01  -0.29616488E+01   0.10000000E+03   0.15001700E+06   0.10000000E-06
   150016.797   -0.69274379E+01  -0.53416360E+01  -0.32134569E+01   0.10000000E+03   0.15001700E+06   0.10000000E-06
   150016.906   -0.71787658E+01  -0.54028585E+01  -0.32247439E+01   0.10000000E+03   0.15001700E+06   0.10000000E-06
   150017.000   -0.73186376E+01  -0.54156877E+01  -0.31983289E+01   0.10000000E+03   0.15001700E+06   0.10000000E-06
   150017.094   -0.39842739E+01  -0.32001872E+01  -0.19385126E+01   0.10000000E+03   0.15001800E+06   0.10000000E-06
   150017.203   -0.59314401E+01  -0.51533680E+01  -0.39313617E+01   0.10000000E+03   0.15001800E+06   0.10000000E-06
   150017.297   -0.79703707E+01  -0.71890439E+01  -0.59446188E+01   0.10000000E+03   0.15001800E+06   0.10000000E-06
   150017.406   -0.95501255E+01  -0.87486114E+01  -0.74103286E+01   0.10000000E+03   0.15001800E+06   0.10000000E-06
   150017.500   -0.10886756E+02  -0.10047741E+02  -0.86693098E+01   0.10000000E+03   0.15001800E+06   0.10000000E-06
   150017.594   -0.52224104E+01  -0.42994884E+01  -0.25063179E+01   0.10000000E+03   0.15001800E+06   0.10000000E-06
   150017.703   -0.63383821E+01  -0.51393222E+01  -0.30712353E+01   0.10000000E+03   0.15001800E+06   0.10000000E-06
   150017.797   -0.71056158E+01  -0.56039664E+01  -0.35087434E+01   0.10000000E+03   0.15001800E+06   0.10000000E-06
   150017.906   -0.74031920E+01  -0.56810375E+01  -0.35109365E+01   0.10000000E+03   0.15001800E+06   0.10000000E-06
   150018.000   -0.75673825E+01  -0.57588537E+01  -0.35932060E+01   0.10000000E+03   0.15001800E+06   0.10000000E-06
   150018.094   -0.39839983E+01  -0.32001231E+01  -0.19375712E+01   0.10000000E+03   0.15001900E+06   0.10000000E-06
   150018.203   -0.59372520E+01  -0.51594684E+01  -0.39366064E+01   0.10000000E+03   0.15001900E+06   0.10000000E-06
   150018.297   -0.79832955E+01  -0.72023831E+01  -0.59598986E+01   0.10000000E+03   0.15001900E+06   0.10000000E-06
   150018.406   -0.96902883E+01  -0.89032500E+01  -0.76179150E+01   0.10000000E+03   0.15001900E+06   0.10000000E-06
   150018.500   -0.11504973E+02  -0.10700681E+02  -0.93572351E+01   0.10000000E+03   0.15001900E+06   0.10000000E-06
   150018.594   -0.52598294E+01  -0.43508645E+01  -0.26165181E+01   0.10000000E+03   0.15001900E+06   0.10000000E-06
   150018.703   -0.64047352E+01  -0.52576675E+01  -0.32733371E+01   0.10000000E+03   0.15001900E+06   0.10000000E-06
   150018.797   -0.71700434E+01  -0.56765085E+01  -0.35863662E+01   0.10000000E+03   0.15001900E+06   0.10000000E-06
   150018.906   -0.74999291E+01  -0.58154329E+01  -0.36684164E+01   0.10000000E+03   0.15001900E+06   0.10000000E-06
   150019.000   -0.76681679E+01  -0.58356249E+01  -0.36607897E+01   0.10000000E+03   0.15001900E+06   0.10000000E-06
   150019.094   -0.39838389E+01  -0.32001921E+01  -0.19386878E+01   0.10000000E+03   0.15002000E+06   0.10000000E-06
   150019.203   -0.59409167E+01  -0.51633874E+01  -0.39418667E+01   0.10000000E+03   0.15002000E+06   0.10000000E-06
   150019.297   -0.79887824E+01  -0.72069935E+01  -0.59597195E+01   0.10000000E+03   0.15002000E+06   0.10000000E-06
   150019.406   -0.10122296E+02  -0.93177490E+01  -0.80033474E+01   0.10000000E+03   0.15002000E+06   0.10000000E-06
   150019.500   -0.12288272E+02  -0.11446042E+02  -0.10086905E+02   0.10000000E+03   0.15002000E+06   0.10000000E-06
   150019.594   -0.32539752E+01  -0.27507575E+01  -0.15206828E+01   0.10000000E+03   0.15002000E+06   0.10000000E-06
   150019.703   -0.38082919E+01  -0.31907230E+01  -0.17682067E+01   0.10000000E+03   0.15002000E+06   0.10000000E-06
   150019.797   -0.40120843E+01  -0.32898874E+01  -0.18320595E+01   0.10000000E+03   0.15002000E+06   0.10000000E-06
   150019.906   -0.40360219E+01  -0.32677452E+01  -0.17497844E+01   0.10000000E+03   0.15002000E+06   0.10000000E-06
   150020.000   -0.39953974E+01  -0.32356360E+01  -0.17126821E+01   0.10000000E+03   0.15002000E+06   0.10000000E-06
   150020.094   -0.38755479E+01  -0.30921605E+01  -0.17825940E+01   0.10000000E+03   0.15002100E+06   0.10000000E-06
   150020.203   -0.45139199E+01  -0.37295666E+01  -0.24108497E+01   0.10000000E+03   0.15002100E+06   0.10000000E-06
   150020.297   -0.66049521E+01  -0.58264015E+01  -0.45341853E+01   0.10000000E+03   0.15002100E+06   0.10000000E-06
   150020.406   -0.87807550E+01  -0.79844353E+01  -0.66324775E+01   0.10000000E+03   0.15002100E+06   0.10000000E-06
   150020.500   -0.11039318E+02  -0.10197320E+02  -0.88035035E+01   0.10000000E+03   0.15002100E+06   0.10000000E-06
   150020.594   -0.49565119E+01  -0.39339231E+01  -0.22330381E+01   0.10000000E+03   0.15002100E+06   0.10000000E-06
   150020.703   -0.57168174E+01  -0.43373417E+01  -0.25350526E+01   0.10000000E+03   0.15002100E+06   0.10000000E-06
   150020.797   -0.60074502E+01  -0.44755139E+01  -0.26189296E+01   0.10000000E+03   0.15002100E+06   0.10000000E-06
   150020.906   -0.63525026E+01  -0.47562911E+01  -0.27865982E+01   0.10000000E+03   0.15002100E+06   0.10000000E-06
   150021.000   -0.67949594E+01  -0.51417753E+01  -0.30770926E+01   0.10000000E+03   0.15002100E+06   0.10000000E-06
   150021.094   -0.39799868E+01  -0.31970796E+01  -0.19038374E+01   0.10000000E+03   0.15002200E+06   0.10000000E-06
   150021.203   -0.59608504E+01  -0.51823901E+01  -0.39072361E+01   0.10000000E+03   0.15002200E+06   0.10000000E-06
   150021.297   -0.80887450E+01  -0.73000000E+01  -0.59746649E+01   0.10000000E+03   0.15002200E+06   0.10000000E-06
   150021.406   -0.10338258E+02  -0.95071179E+01  -0.81281799E+01   0.10000000E+03   0.15002200E+06   0.10000000E-06
   150021.500   -0.95486677E+01  -0.87344162E+01  -0.73792610E+01   0.10000000E+03   0.15002200E+06   0.10000000E-06
   150021.594   -0.50385652E+01  -0.39679045E+01  -0.22434073E+01   0.10000000E+03   0.15002200E+06   0.10000000E-06
   150021.703   -0.57873714E+01  -0.43704336E+01  -0.24823994E+01   0.10000000E+03   0.15002200E+06   0.10000000E-06
   150021.797   -0.65028160E+01  -0.49780770E+01  -0.30011818E+01   0.10000000E+03   0.15002200E+06   0.10000000E-06
   150021.906   -0.69103332E+01  -0.52753219E+01  -0.32616009E+01   0.10000000E+03   0.15002200E+06   0.10000000E-06
   150022.000   -0.71328372E+01  -0.54218279E+01  -0.33561095E+01   0.10000000E+03   0.15002200E+06   0.10000000E-06
   150022.094   -0.39776358E+01  -0.31940306E+01  -0.18924028E+01   0.10000000E+03   0.15002300E+06   0.10000000E-06
   150022.203   -0.59622578E+01  -0.51829823E+01  -0.38994454E+01   0.10000000E+03   0.15002300E+06   0.10000000E-06
   150022.297   -0.80891938E+01  -0.72984408E+01  -0.59634032E+01   0.10000000E+03   0.15002300E+06   0.10000000E-06
   150022.406   -0.10330499E+02  -0.94968708E+01  -0.81129113E+01   0.10000000E+03   0.15002300E+06   0.10000000E-06
   150022.500   -0.93315068E+01  -0.84951771E+01  -0.71338061E+01   0.10000000E+03   0.15002300E+06   0.10000000E-06
   150022.594   -0.50435771E+01  -0.39847164E+01  -0.22366143E+01   0.10000000E+03   0.15002300E+06   0.10000000E-06
   150022.703   -0.59897370E+01  -0.46678014E+01  -0.28162844E+01   0.10000000E+03   0.15002300E+06   0.10000000E-06
   150022.797   -0.67487217E+01  -0.52618793E+01  -0.32843791E+01   0.10000000E+03   0.15002300E+06   0.10000000E-06
   150022.906   -0.71126232E+01  -0.54577500E+01  -0.33561438E+01   0.10000000E+03   0.15002300E+06   0.10000000E-06
   150023.000   -0.72968434E+01  -0.55699885E+01  -0.34949707E+01   0.10000000E+03   0.15002300E+06   0.10000000E-06
   150023.094   -0.39762320E+01  -0.31921778E+01  -0.18869266E+01   0.10000000E+03   0.15002400E+06   0.10000000E-06
   150023.203   -0.59656813E+01  -0.51858034E+01  -0.38995856E+01   0.10000000E+03   0.15002400E+06   0.10000000E-06
   150023.297   -0.80781382E+01  -0.72893622E+01  -0.59571011E+01   0.10000000E+03   0.15002400E+06   0.10000000E-06
   150023.406   -0.10287619E+02  -0.94608972E+01  -0.80788508E+01   0.10000000E+03   0.15002400E+06   0.10000000E-06
   150023.500   -0.91788135E+01  -0.83481278E+01  -0.69856564E+01   0.10000000E+03   0.15002400E+06   0.10000000E-06
   150023.594   -0.50519686E+01  -0.40262656E+01  -0.22925643E+01   0.10000000E+03   0.15002400E+06   0.10000000E-06
   150023.703   -0.60808773E+01  -0.48131457E+01  -0.29429987E+01   0.10000000E+03   0.15002400E+06   0.10000000E-06
   150023.797   -0.68863572E+01  -0.53598762E+01  -0.32939320E+01   0.10000000E+03   0.15002400E+06   0.10000000E-06
   150023.906   -0.72079169E+01  -0.54997649E+01  -0.33594057E+01   0.10000000E+03   0.15002400E+06   0.10000000E-06
   150024.000   -0.73672573E+01  -0.55844619E+01  -0.34345940E+01   0.10000000E+03   0.15002400E+06   0.10000000E-06
   150024.094   -0.39749308E+01  -0.31906592E+01  -0.18836889E+01   0.10000000E+03   0.15002500E+06   0.10000000E-06
   150024.203   -0.59680347E+01  -0.51876703E+01  -0.39009043E+01   0.10000000E+03   0.15002500E+06   0.10000000E-06
   150024.297   -0.80785405E+01  -0.72917143E+01  -0.59656768E+01   0.10000000E+03   0.15002500E+06   0.10000000E-06
   150024.406   -0.10281690E+02  -0.94613170E+01  -0.80837112E+01   0.10000000E+03   0.15002500E+06   0.10000000E-06
   150024.500   -0.12476063E+02  -0.11607662E+02  -0.10244894E+02   0.10000000E+03   0.15002500E+06   0.10000000E-06
   150024.594   -0.31551896E+01  -0.26434986E+01  -0.14319300E+01   0.10000000E+03   0.15002500E+06   0.10000000E-06
   150024.703   -0.36556891E+01  -0.30498128E+01  -0.16753866E+01   0.10000000E+03   0.15002500E+06   0.10000000E-06
   150024.797   -0.38145309E+01  -0.31113739E+01  -0.15976930E+01   0.10000000E+03   0.15002500E+06   0.10000000E-06
   150024.906   -0.38471710E+01  -0.31624387E+01  -0.16818809E+01   0.10000000E+03   0.15002500E+06   0.10000000E-06
   150025.000   -0.38234091E+01  -0.31307152E+01  -0.17071763E+01   0.10000000E+03   0.15002500E+06   0.10000000E-06
   150025.094   -0.30551905E+01  -0.22665500E+01  -0.99918523E+00   0.10000000E+03   0.15002600E+06   0.10000000E-06
   150025.203   -0.31141141E+01  -0.23253872E+01  -0.10575705E+01   0.10000000E+03   0.15002600E+06   0.10000000E-06
   150025.297   -0.52949334E+01  -0.44919055E+01  -0.31526481E+01   0.10000000E+03   0.15002600E+06   0.10000000E-06
   150025.406   -0.72706488E+01  -0.64771454E+01  -0.51654340E+01   0.10000000E+03   0.15002600E+06   0.10000000E-06
   150025.500   -0.92884109E+01  -0.84984446E+01  -0.72231071E+01   0.10000000E+03   0.15002600E+06   0.10000000E-06
   150025.594   -0.48247659E+01  -0.37699055E+01  -0.20709688E+01   0.10000000E+03   0.15002600E+06   0.10000000E-06
   150025.703   -0.56103651E+01  -0.43122823E+01  -0.24464200E+01   0.10000000E+03   0.15002600E+06   0.10000000E-06
   150025.797   -0.61481343E+01  -0.46436922E+01  -0.26639129E+01   0.10000000E+03   0.15002600E+06   0.10000000E-06
   150025.906   -0.66237737E+01  -0.49741329E+01  -0.28118533E+01   0.10000000E+03   0.15002600E+06   0.10000000E-06
   150026.000   -0.70402250E+01  -0.53574818E+01  -0.32278569E+01   0.10000000E+03   0.15002600E+06   0.10000000E-06
   150026.094   -0.39713282E+01  -0.31845804E+01  -0.19260497E+01   0.10000000E+03   0.15002700E+06   0.10000000E-06
   150026.203   -0.59628311E+01  -0.51814931E+01  -0.39468303E+01   0.10000000E+03   0.15002700E+06   0.10000000E-06
   150026.297   -0.80403840E+01  -0.72523726E+01  -0.59733565E+01   0.10000000E+03   0.15002700E+06   0.10000000E-06
   150026.406   -0.97447753E+01  -0.88928559E+01  -0.75237098E+01   0.10000000E+03   0.15002700E+06   0.10000000E-06
   150026.500   -0.83210691E+01  -0.75200964E+01  -0.61819326E+01   0.10000000E+03   0.15002700E+06   0.10000000E-06
   150026.594   -0.48770441E+01  -0.38760856E+01  -0.22201279E+01   0.10000000E+03   0.15002700E+06   0.10000000E-06
   150026.703   -0.57852606E+01  -0.44810337E+01  -0.25932848E+01   0.10000000E+03   0.15002700E+06   0.10000000E-06
   150026.797   -0.65258293E+01  -0.50476630E+01  -0.29924549E+01   0.10000000E+03   0.15002700E+06   0.10000000E-06
   150026.906   -0.69478207E+01  -0.53802392E+01  -0.33397478E+01   0.10000000E+03   0.15002700E+06   0.10000000E-06
   150027.000   -0.72723579E+01  -0.56232689E+01  -0.36117124E+01   0.10000000E+03   0.15002700E+06   0.10000000E-06
   150027.094   -0.39702071E+01  -0.31834010E+01  -0.19223300E+01   0.10000000E+03   0.15002800E+06   0.10000000E-06
   150027.203   -0.59655323E+01  -0.51838369E+01  -0.39453878E+01   0.10000000E+03   0.15002800E+06   0.10000000E-06
   150027.297   -0.80487597E+01  -0.72591484E+01  -0.59744406E+01   0.10000000E+03   0.15002800E+06   0.10000000E-06
   150027.406   -0.97255766E+01  -0.88736617E+01  -0.75064104E+01   0.10000000E+03   0.15002800E+06   0.10000000E-06
   150027.500   -0.82998918E+01  -0.74987051E+01  -0.61571513E+01   0.10000000E+03   0.15002800E+06   0.10000000E-06
   150027.594   -0.48973086E+01  -0.39023233E+01  -0.22304910E+01   0.10000000E+03   0.15002800E+06   0.10000000E-06
   150027.703   -0.58963794E+01  -0.46822928E+01  -0.27866059E+01   0.10000000E+03   0.15002800E+06   0.10000000E-06
   150027.797   -0.67023663E+01  -0.53014977E+01  -0.33868048E+01   0.10000000E+03   0.15002800E+06   0.10000000E-06
   150027.906   -0.70857406E+01  -0.55122270E+01  -0.34973014E+01   0.10000000E+03   0.15002800E+06   0.10000000E-06
   150028.000   -0.73317741E+01  -0.56344539E+01  -0.35392888E+01   0.10000000E+03   0.15002800E+06   0.10000000E-06
   150028.094   -0.39700820E+01  -0.31832569E+01  -0.19227819E+01   0.10000000E+03   0.15002900E+06   0.10000000E-06
   150028.203   -0.59700975E+01  -0.51878608E+01  -0.39474413E+01   0.10000000E+03   0.15002900E+06   0.10000000E-06
   150028.297   -0.80418860E+01  -0.72499559E+01  -0.59559791E+01   0.10000000E+03   0.15002900E+06   0.10000000E-06
   150028.406   -0.10166880E+02  -0.93451985E+01  -0.79945351E+01   0.10000000E+03   0.15002900E+06   0.10000000E-06
   150028.500   -0.12275315E+02  -0.11426875E+02  -0.10055315E+02   0.10000000E+03   0.15002900E+06   0.10000000E-06
   150028.594   -0.49182748E+01  -0.39378528E+01  -0.22698434E+01   0.10000000E+03   0.15002900E+06   0.10000000E-06
   150028.703   -0.59464461E+01  -0.47713659E+01  -0.28998227E+01   0.10000000E+03   0.15002900E+06   0.10000000E-06
   150028.797   -0.68282038E+01  -0.54361351E+01  -0.34576635E+01   0.10000000E+03   0.15002900E+06   0.10000000E-06
   150028.906   -0.72468727E+01  -0.56360994E+01  -0.35286298E+01   0.10000000E+03   0.15002900E+06   0.10000000E-06
   150029.000   -0.74384677E+01  -0.56991920E+01  -0.35747527E+01   0.10000000E+03   0.15002900E+06   0.10000000E-06
   150029.094   -0.41136482E+01  -0.33266437E+01  -0.20685959E+01   0.10000000E+03   0.15003000E+06   0.10000000E-06
   150029.203   -0.45102692E+01  -0.37243291E+01  -0.24735073E+01   0.10000000E+03   0.15003000E+06   0.10000000E-06
   150029.297   -0.65555437E+01  -0.57724216E+01  -0.45284534E+01   0.10000000E+03   0.15003000E+06   0.10000000E-06
   150029.406   -0.85689804E+01  -0.77740089E+01  -0.64707533E+01   0.10000000E+03   0.15003000E+06   0.10000000E-06
   150029.500   -0.10668578E+02  -0.98382897E+01  -0.84733757E+01   0.10000000E+03   0.15003000E+06   0.10000000E-06
   150029.594   -0.32442414E+01  -0.27606318E+01  -0.14647944E+01   0.10000000E+03   0.15003000E+06   0.10000000E-06
   150029.703   -0.36457384E+01  -0.30631293E+01  -0.16481658E+01   0.10000000E+03   0.15003000E+06   0.10000000E-06
   150029.797   -0.37327557E+01  -0.30922395E+01  -0.16818733E+01   0.10000000E+03   0.15003000E+06   0.10000000E-06
   150029.906   -0.37346565E+01  -0.30761247E+01  -0.16226461E+01   0.10000000E+03   0.15003000E+06   0.10000000E-06
   150030.000   -0.37285150E+01  -0.30683818E+01  -0.16366885E+01   0.10000000E+03   0.15003000E+06   0.10000000E-06
   150030.094   -0.39729732E+01  -0.31783193E+01  -0.18824119E+01   0.10000000E+03   0.15003100E+06   0.10000000E-06
   150030.203   -0.64906525E+01  -0.56516364E+01  -0.42635387E+01   0.10000000E+03   0.15003100E+06   0.10000000E-06
   150030.297   -0.83234408E+01  -0.74876452E+01  -0.60973620E+01   0.10000000E+03   0.15003100E+06   0.10000000E-06
   150030.406   -0.10147425E+02  -0.93160088E+01  -0.79249567E+01   0.10000000E+03   0.15003100E+06   0.10000000E-06
   150030.500   -0.11980684E+02  -0.11150612E+02  -0.97614027E+01   0.10000000E+03   0.15003100E+06   0.10000000E-06
   150030.594   -0.47154957E+01  -0.37396996E+01  -0.21661229E+01   0.10000000E+03   0.15003100E+06   0.10000000E-06
   150030.703   -0.54763894E+01  -0.42532106E+01  -0.24674434E+01   0.10000000E+03   0.15003100E+06   0.10000000E-06
   150030.797   -0.58821633E+01  -0.44404992E+01  -0.25909435E+01   0.10000000E+03   0.15003100E+06   0.10000000E-06
   150030.906   -0.62217818E+01  -0.46903205E+01  -0.26911237E+01   0.10000000E+03   0.15003100E+06   0.10000000E-06
   150031.000   -0.66556173E+01  -0.49873828E+01  -0.28566907E+01   0.10000000E+03   0.15003100E+06   0.10000000E-06
   150031.094   -0.39668408E+01  -0.31726982E+01  -0.18796059E+01   0.10000000E+03   0.15003200E+06   0.10000000E-06
   150031.203   -0.58742166E+01  -0.50862690E+01  -0.38107828E+01   0.10000000E+03   0.15003200E+06   0.10000000E-06
   150031.297   -0.79093342E+01  -0.71259810E+01  -0.58665005E+01   0.10000000E+03   0.15003200E+06   0.10000000E-06
   150031.406   -0.99576807E+01  -0.91748367E+01  -0.79158445E+01   0.10000000E+03   0.15003200E+06   0.10000000E-06
   150031.500   -0.12013723E+02  -0.11212744E+02  -0.99253940E+01   0.10000000E+03   0.15003200E+06   0.10000000E-06
   150031.594   -0.47572136E+01  -0.37824781E+01  -0.22497216E+01   0.10000000E+03   0.15003200E+06   0.10000000E-06
   150031.703   -0.55762595E+01  -0.43547552E+01  -0.25597941E+01   0.10000000E+03   0.15003200E+06   0.10000000E-06
   150031.797   -0.62584168E+01  -0.48197638E+01  -0.28558925E+01   0.10000000E+03   0.15003200E+06   0.10000000E-06
   150031.906   -0.66723245E+01  -0.51101692E+01  -0.30607540E+01   0.10000000E+03   0.15003200E+06   0.10000000E-06
   150032.000   -0.70090612E+01  -0.53750959E+01  -0.33029617E+01   0.10000000E+03   0.15003200E+06   0.10000000E-06
   150032.094   -0.39625050E+01  -0.31691322E+01  -0.18793889E+01   0.10000000E+03   0.15003300E+06   0.10000000E-06
   150032.203   -0.58775254E+01  -0.50911348E+01  -0.38201955E+01   0.10000000E+03   0.15003300E+06   0.10000000E-06
   150032.297   -0.79163437E+01  -0.71341284E+01  -0.58781711E+01   0.10000000E+03   0.15003300E+06   0.10000000E-06
   150032.406   -0.99682455E+01  -0.91809940E+01  -0.78994613E+01   0.10000000E+03   0.15003300E+06   0.10000000E-06
   150032.500   -0.12017798E+02  -0.11200959E+02  -0.98936927E+01   0.10000000E+03   0.15003300E+06   0.10000000E-06
   150032.594   -0.47874947E+01  -0.38194269E+01  -0.22346300E+01   0.10000000E+03   0.15003300E+06   0.10000000E-06
   150032.703   -0.57121972E+01  -0.45599893E+01  -0.27873049E+01   0.10000000E+03   0.15003300E+06   0.10000000E-06
   150032.797   -0.65225949E+01  -0.51115383E+01  -0.31748620E+01   0.10000000E+03   0.15003300E+06   0.10000000E-06
   150032.906   -0.69501607E+01  -0.53541127E+01  -0.32720634E+01   0.10000000E+03   0.15003300E+06   0.10000000E-06
   150033.000   -0.71681659E+01  -0.54509909E+01  -0.33374154E+01   0.10000000E+03   0.15003300E+06   0.10000000E-06
   150033.094   -0.39596110E+01  -0.31669096E+01  -0.18773504E+01   0.10000000E+03   0.15003400E+06   0.10000000E-06
   150033.203   -0.58772205E+01  -0.50921165E+01  -0.38209708E+01   0.10000000E+03   0.15003400E+06   0.10000000E-06
   150033.297   -0.79196573E+01  -0.71373244E+01  -0.58729155E+01   0.10000000E+03   0.15003400E+06   0.10000000E-06
   150033.406   -0.99732136E+01  -0.91804621E+01  -0.78865081E+01   0.10000000E+03   0.15003400E+06   0.10000000E-06
   150033.500   -0.12009912E+02  -0.11184871E+02  -0.98694870E+01   0.10000000E+03   0.15003400E+06   0.10000000E-06
   150033.594   -0.48151177E+01  -0.38564033E+01  -0.22611984E+01   0.10000000E+03   0.15003400E+06   0.10000000E-06
   150033.703   -0.58150484E+01  -0.47163774E+01  -0.29553412E+01   0.10000000E+03   0.15003400E+06   0.10000000E-06
   150033.797   -0.67207535E+01  -0.53393841E+01  -0.33061451E+01   0.10000000E+03   0.15003400E+06   0.10000000E-06
   150033.906   -0.71500329E+01  -0.55624146E+01  -0.34697262E+01   0.10000000E+03   0.15003400E+06   0.10000000E-06
   150034.000   -0.74191982E+01  -0.56806083E+01  -0.35452013E+01   0.10000000E+03   0.15003400E+06   0.10000000E-06
   150034.094   -0.46304203E+01  -0.38395391E+01  -0.25455199E+01   0.10000000E+03   0.15003500E+06   0.10000000E-06
   150034.203   -0.40522013E+01  -0.32501185E+01  -0.19373460E+01   0.10000000E+03   0.15003500E+06   0.10000000E-06
   150034.297   -0.59990741E+01  -0.52002934E+01  -0.38959141E+01   0.10000000E+03   0.15003500E+06   0.10000000E-06
   150034.406   -0.80071623E+01  -0.72094854E+01  -0.59075737E+01   0.10000000E+03   0.15003500E+06   0.10000000E-06
   150034.500   -0.10017755E+02  -0.92217787E+01  -0.79238508E+01   0.10000000E+03   0.15003500E+06   0.10000000E-06
   150034.594   -0.31462477E+01  -0.26779817E+01  -0.14129971E+01   0.10000000E+03   0.15003500E+06   0.10000000E-06
   150034.703   -0.35814736E+01  -0.30489653E+01  -0.17355475E+01   0.10000000E+03   0.15003500E+06   0.10000000E-06
   150034.797   -0.36695547E+01  -0.30652324E+01  -0.16306434E+01   0.10000000E+03   0.15003500E+06   0.10000000E-06
   150034.906   -0.36829893E+01  -0.30815889E+01  -0.17011951E+01   0.10000000E+03   0.15003500E+06   0.10000000E-06
   150035.000   -0.36802304E+01  -0.30815980E+01  -0.16750039E+01   0.10000000E+03   0.15003500E+06   0.10000000E-06
   150035.094   -0.39968292E+01  -0.32062206E+01  -0.19494065E+01   0.10000000E+03   0.15003600E+06   0.10000000E-06
   150035.203   -0.60816201E+01  -0.52891321E+01  -0.40260843E+01   0.10000000E+03   0.15003600E+06   0.10000000E-06
   150035.297   -0.81646432E+01  -0.73497710E+01  -0.60358971E+01   0.10000000E+03   0.15003600E+06   0.10000000E-06
   150035.406   -0.10226390E+02  -0.93812875E+01  -0.80023966E+01   0.10000000E+03   0.15003600E+06   0.10000000E-06
   150035.500   -0.81258334E+01  -0.72923893E+01  -0.59495820E+01   0.10000000E+03   0.15003600E+06   0.10000000E-06
   150035.594   -0.47092607E+01  -0.37274903E+01  -0.21047507E+01   0.10000000E+03   0.15003600E+06   0.10000000E-06
   150035.703   -0.55170486E+01  -0.43010758E+01  -0.24498072E+01   0.10000000E+03   0.15003600E+06   0.10000000E-06
   150035.797   -0.61177716E+01  -0.46599929E+01  -0.27085561E+01   0.10000000E+03   0.15003600E+06   0.10000000E-06
   150035.906   -0.65846997E+01  -0.50108634E+01  -0.28950195E+01   0.10000000E+03   0.15003600E+06   0.10000000E-06
   150036.000   -0.70061786E+01  -0.54118313E+01  -0.33987353E+01   0.10000000E+03   0.15003600E+06   0.10000000E-06
   150036.094   -0.39934615E+01  -0.32028026E+01  -0.19469853E+01   0.10000000E+03   0.15003700E+06   0.10000000E-06
   150036.203   -0.60701558E+01  -0.52762548E+01  -0.40094882E+01   0.10000000E+03   0.15003700E+06   0.10000000E-06
   150036.297   -0.81435393E+01  -0.73258168E+01  -0.60088595E+01   0.10000000E+03   0.15003700E+06   0.10000000E-06
   150036.406   -0.90547112E+01  -0.82399617E+01  -0.69276915E+01   0.10000000E+03   0.15003700E+06   0.10000000E-06
   150036.500   -0.87898742E+01  -0.79946173E+01  -0.66917243E+01   0.10000000E+03   0.15003700E+06   0.10000000E-06
   150036.594   -0.47359952E+01  -0.37658524E+01  -0.21452849E+01   0.10000000E+03   0.15003700E+06   0.10000000E-06
   150036.703   -0.56135499E+01  -0.44082896E+01  -0.25476111E+01   0.10000000E+03   0.15003700E+06   0.10000000E-06
   150036.797   -0.64011821E+01  -0.49973426E+01  -0.29596694E+01   0.10000000E+03   0.15003700E+06   0.10000000E-06
   150036.906   -0.68265229E+01  -0.52741581E+01  -0.32376084E+01   0.10000000E+03   0.15003700E+06   0.10000000E-06
   150037.000   -0.70653025E+01  -0.53854257E+01  -0.32873296E+01   0.10000000E+03   0.15003700E+06   0.10000000E-06
   150037.094   -0.39928755E+01  -0.32022781E+01  -0.19459916E+01   0.10000000E+03   0.15003800E+06   0.10000000E-06
   150037.203   -0.60715170E+01  -0.52756771E+01  -0.40017422E+01   0.10000000E+03   0.15003800E+06   0.10000000E-06
   150037.297   -0.81377122E+01  -0.73136375E+01  -0.59826119E+01   0.10000000E+03   0.15003800E+06   0.10000000E-06
   150037.406   -0.98788034E+01  -0.90328228E+01  -0.76525135E+01   0.10000000E+03   0.15003800E+06   0.10000000E-06
   150037.500   -0.83435587E+01  -0.75389096E+01  -0.62288823E+01   0.10000000E+03   0.15003800E+06   0.10000000E-06
   150037.594   -0.47666346E+01  -0.38014532E+01  -0.21781567E+01   0.10000000E+03   0.15003800E+06   0.10000000E-06
   150037.703   -0.57109593E+01  -0.45533662E+01  -0.27349439E+01   0.10000000E+03   0.15003800E+06   0.10000000E-06
   150037.797   -0.65295381E+01  -0.51304563E+01  -0.31084283E+01   0.10000000E+03   0.15003800E+06   0.10000000E-06
   150037.906   -0.68678586E+01  -0.52841761E+01  -0.32088401E+01   0.10000000E+03   0.15003800E+06   0.10000000E-06
   150038.000   -0.70784931E+01  -0.54092077E+01  -0.33362452E+01   0.10000000E+03   0.15003800E+06   0.10000000E-06
   150038.094   -0.39932235E+01  -0.32026043E+01  -0.19458515E+01   0.10000000E+03   0.15003900E+06   0.10000000E-06
   150038.203   -0.60698820E+01  -0.52719125E+01  -0.39927548E+01   0.10000000E+03   0.15003900E+06   0.10000000E-06
   150038.297   -0.81294915E+01  -0.73020119E+01  -0.59642191E+01   0.10000000E+03   0.15003900E+06   0.10000000E-06
   150038.406   -0.98427534E+01  -0.90116009E+01  -0.76653381E+01   0.10000000E+03   0.15003900E+06   0.10000000E-06
   150038.500   -0.11711353E+02  -0.10918010E+02  -0.96583881E+01   0.10000000E+03   0.15003900E+06   0.10000000E-06
   150038.594   -0.47993117E+01  -0.38381514E+01  -0.22105901E+01   0.10000000E+03   0.15003900E+06   0.10000000E-06
   150038.703   -0.57833267E+01  -0.46346219E+01  -0.27964005E+01   0.10000000E+03   0.15003900E+06   0.10000000E-06
   150038.797   -0.67164966E+01  -0.53930935E+01  -0.35000051E+01   0.10000000E+03   0.15003900E+06   0.10000000E-06
   150038.906   -0.71268443E+01  -0.55559256E+01  -0.35418126E+01   0.10000000E+03   0.15003900E+06   0.10000000E-06
   150039.000   -0.72926679E+01  -0.55739357E+01  -0.34672916E+01   0.10000000E+03   0.15003900E+06   0.10000000E-06
   150039.094   -0.39940851E+01  -0.32034571E+01  -0.19462877E+01   0.10000000E+03   0.15004000E+06   0.10000000E-06
   150039.203   -0.60411647E+01  -0.52432758E+01  -0.39641470E+01   0.10000000E+03   0.15004000E+06   0.10000000E-06
   150039.297   -0.81061114E+01  -0.72782935E+01  -0.59394186E+01   0.10000000E+03   0.15004000E+06   0.10000000E-06
   150039.406   -0.98356879E+01  -0.90044064E+01  -0.76575143E+01   0.10000000E+03   0.15004000E+06   0.10000000E-06
   150039.500   -0.11702870E+02  -0.10909281E+02  -0.96486351E+01   0.10000000E+03   0.15004000E+06   0.10000000E-06
   150039.594   -0.32013983E+01  -0.27313172E+01  -0.13828120E+01   0.10000000E+03   0.15004000E+06   0.10000000E-06
   150039.703   -0.35570912E+01  -0.30432561E+01  -0.16217163E+01   0.10000000E+03   0.15004000E+06   0.10000000E-06
   150039.797   -0.36246482E+01  -0.30521179E+01  -0.16414913E+01   0.10000000E+03   0.15004000E+06   0.10000000E-06
   150039.906   -0.36258614E+01  -0.30443041E+01  -0.16421714E+01   0.10000000E+03   0.15004000E+06   0.10000000E-06
   150040.000   -0.36260500E+01  -0.30469780E+01  -0.16416686E+01   0.10000000E+03   0.15004000E+06   0.10000000E-06
   150040.094   -0.39599995E+01  -0.31650338E+01  -0.19079111E+01   0.10000000E+03   0.15004100E+06   0.10000000E-06
   150040.203   -0.58627285E+01  -0.50755379E+01  -0.38308785E+01   0.10000000E+03   0.15004100E+06   0.10000000E-06
   150040.297   -0.78738651E+01  -0.70836376E+01  -0.58142344E+01   0.10000000E+03   0.15004100E+06   0.10000000E-06
   150040.406   -0.98857951E+01  -0.90749083E+01  -0.77855420E+01   0.10000000E+03   0.15004100E+06   0.10000000E-06
   150040.500   -0.11824476E+02  -0.10993793E+02  -0.96978842E+01   0.10000000E+03   0.15004100E+06   0.10000000E-06
   150040.594   -0.46411141E+01  -0.36880201E+01  -0.21435014E+01   0.10000000E+03   0.15004100E+06   0.10000000E-06
   150040.703   -0.54109854E+01  -0.42306894E+01  -0.23871158E+01   0.10000000E+03   0.15004100E+06   0.10000000E-06
   150040.797   -0.58927677E+01  -0.44580006E+01  -0.25176815E+01   0.10000000E+03   0.15004100E+06   0.10000000E-06
   150040.906   -0.63256900E+01  -0.47964459E+01  -0.27899002E+01   0.10000000E+03   0.15004100E+06   0.10000000E-06
   150041.000   -0.67535039E+01  -0.51643194E+01  -0.31724850E+01   0.10000000E+03   0.15004100E+06   0.10000000E-06
   150041.094   -0.39525497E+01  -0.31574907E+01  -0.19022196E+01   0.10000000E+03   0.15004200E+06   0.10000000E-06
   150041.203   -0.58548695E+01  -0.50673822E+01  -0.38193413E+01   0.10000000E+03   0.15004200E+06   0.10000000E-06
   150041.297   -0.78645962E+01  -0.70708984E+01  -0.57978377E+01   0.10000000E+03   0.15004200E+06   0.10000000E-06
   150041.406   -0.98625262E+01  -0.90462795E+01  -0.77546283E+01   0.10000000E+03   0.15004200E+06   0.10000000E-06
   150041.500   -0.11773126E+02  -0.10939618E+02  -0.96404875E+01   0.10000000E+03   0.15004200E+06   0.10000000E-06
   150041.594   -0.46724780E+01  -0.37189247E+01  -0.21534121E+01   0.10000000E+03   0.15004200E+06   0.10000000E-06
   150041.703   -0.54998338E+01  -0.43224153E+01  -0.25073757E+01   0.10000000E+03   0.15004200E+06   0.10000000E-06
   150041.797   -0.62076980E+01  -0.48089218E+01  -0.28960799E+01   0.10000000E+03   0.15004200E+06   0.10000000E-06
   150041.906   -0.66984356E+01  -0.51736815E+01  -0.31577528E+01   0.10000000E+03   0.15004200E+06   0.10000000E-06
   150042.000   -0.70372722E+01  -0.53984809E+01  -0.32987658E+01   0.10000000E+03   0.15004200E+06   0.10000000E-06
   150042.094   -0.39487197E+01  -0.31542578E+01  -0.18979403E+01   0.10000000E+03   0.15004300E+06   0.10000000E-06
   150042.203   -0.58479747E+01  -0.50604618E+01  -0.38039507E+01   0.10000000E+03   0.15004300E+06   0.10000000E-06
   150042.297   -0.78551387E+01  -0.70588914E+01  -0.57801200E+01   0.10000000E+03   0.15004300E+06   0.10000000E-06
   150042.406   -0.97351494E+01  -0.89269634E+01  -0.76366822E+01   0.10000000E+03   0.15004300E+06   0.10000000E-06
   150042.500   -0.11737385E+02  -0.10947758E+02  -0.97026278E+01   0.10000000E+03   0.15004300E+06   0.10000000E-06
   150042.594   -0.47047226E+01  -0.37500814E+01  -0.21610986E+01   0.10000000E+03   0.15004300E+06   0.10000000E-06
   150042.703   -0.56207205E+01  -0.44746771E+01  -0.26104884E+01   0.10000000E+03   0.15004300E+06   0.10000000E-06
   150042.797   -0.64375407E+01  -0.50817162E+01  -0.31173452E+01   0.10000000E+03   0.15004300E+06   0.10000000E-06
   150042.906   -0.68881946E+01  -0.53348021E+01  -0.33025032E+01   0.10000000E+03   0.15004300E+06   0.10000000E-06
   150043.000   -0.71529834E+01  -0.54416147E+01  -0.33349212E+01   0.10000000E+03   0.15004300E+06   0.10000000E-06
   150043.094   -0.39456723E+01  -0.31519111E+01  -0.18963164E+01   0.10000000E+03   0.15004400E+06   0.10000000E-06
   150043.203   -0.58425988E+01  -0.50548632E+01  -0.37923392E+01   0.10000000E+03   0.15004400E+06   0.10000000E-06
   150043.297   -0.78497392E+01  -0.70501479E+01  -0.57666654E+01   0.10000000E+03   0.15004400E+06   0.10000000E-06
   150043.406   -0.97028676E+01  -0.89084113E+01  -0.76293473E+01   0.10000000E+03   0.15004400E+06   0.10000000E-06
   150043.500   -0.11696940E+02  -0.10880056E+02  -0.95879379E+01   0.10000000E+03   0.15004400E+06   0.10000000E-06
   150043.594   -0.47392115E+01  -0.37860100E+01  -0.21572443E+01   0.10000000E+03   0.15004400E+06   0.10000000E-06
   150043.703   -0.57073185E+01  -0.45890852E+01  -0.27105903E+01   0.10000000E+03   0.15004400E+06   0.10000000E-06
   150043.797   -0.65830367E+01  -0.51864258E+01  -0.31342168E+01   0.10000000E+03   0.15004400E+06   0.10000000E-06
   150043.906   -0.70036903E+01  -0.53548650E+01  -0.32575849E+01   0.10000000E+03   0.15004400E+06   0.10000000E-06
   150044.000   -0.72148261E+01  -0.54422611E+01  -0.33097885E+01   0.10000000E+03   0.15004400E+06   0.10000000E-06
   150044.094   -0.39429731E+01  -0.31498364E+01  -0.18950169E+01   0.10000000E+03   0.15004500E+06   0.10000000E-06
   150044.203   -0.58391131E+01  -0.50508811E+01  -0.37838587E+01   0.10000000E+03   0.15004500E+06   0.10000000E-06
   150044.297   -0.78455217E+01  -0.70416885E+01  -0.57542690E+01   0.10000000E+03   0.15004500E+06   0.10000000E-06
   150044.406   -0.96862062E+01  -0.88912604E+01  -0.76112298E+01   0.10000000E+03   0.15004500E+06   0.10000000E-06
   150044.500   -0.11677084E+02  -0.10858205E+02  -0.95653619E+01   0.10000000E+03   0.15004500E+06   0.10000000E-06
   150044.594   -0.31166293E+01  -0.26765205E+01  -0.14253487E+01   0.10000000E+03   0.15004500E+06   0.10000000E-06
   150044.703   -0.35206780E+01  -0.30278493E+01  -0.16493343E+01   0.10000000E+03   0.15004500E+06   0.10000000E-06
   150044.797   -0.35914694E+01  -0.30523591E+01  -0.16946449E+01   0.10000000E+03   0.15004500E+06   0.10000000E-06
   150044.906   -0.36010418E+01  -0.30579356E+01  -0.17333834E+01   0.10000000E+03   0.15004500E+06   0.10000000E-06
   150045.000   -0.36005198E+01  -0.30611862E+01  -0.17298765E+01   0.10000000E+03   0.15004500E+06   0.10000000E-06
   150045.094   -0.40022734E+01  -0.32115969E+01  -0.19518690E+01   0.10000000E+03   0.15004600E+06   0.10000000E-06
   150045.203   -0.60481420E+01  -0.52251884E+01  -0.38730002E+01   0.10000000E+03   0.15004600E+06   0.10000000E-06
   150045.297   -0.80073319E+01  -0.71656709E+01  -0.57818522E+01   0.10000000E+03   0.15004600E+06   0.10000000E-06
   150045.406   -0.93648130E+01  -0.85440864E+01  -0.72318782E+01   0.10000000E+03   0.15004600E+06   0.10000000E-06
   150045.500   -0.91788400E+01  -0.83889062E+01  -0.70972122E+01   0.10000000E+03   0.15004600E+06   0.10000000E-06
   150045.594   -0.46736884E+01  -0.36966480E+01  -0.20626259E+01   0.10000000E+03   0.15004600E+06   0.10000000E-06
   150045.703   -0.54593204E+01  -0.42391439E+01  -0.23369342E+01   0.10000000E+03   0.15004600E+06   0.10000000E-06
   150045.797   -0.60373403E+01  -0.46111026E+01  -0.26746918E+01   0.10000000E+03   0.15004600E+06   0.10000000E-06
   150045.906   -0.64906885E+01  -0.49086213E+01  -0.27950254E+01   0.10000000E+03   0.15004600E+06   0.10000000E-06
   150046.000   -0.68489212E+01  -0.52003334E+01  -0.30836188E+01   0.10000000E+03   0.15004600E+06   0.10000000E-06
   150046.094   -0.40003381E+01  -0.32091937E+01  -0.19450531E+01   0.10000000E+03   0.15004700E+06   0.10000000E-06
   150046.203   -0.60254334E+01  -0.52018297E+01  -0.38474172E+01   0.10000000E+03   0.15004700E+06   0.10000000E-06
   150046.297   -0.79830656E+01  -0.71412876E+01  -0.57569353E+01   0.10000000E+03   0.15004700E+06   0.10000000E-06
   150046.406   -0.83203760E+01  -0.75274881E+01  -0.62277364E+01   0.10000000E+03   0.15004700E+06   0.10000000E-06
   150046.500   -0.83406459E+01  -0.75492631E+01  -0.62525712E+01   0.10000000E+03   0.15004700E+06   0.10000000E-06
   150046.594   -0.47052916E+01  -0.37367811E+01  -0.21083570E+01   0.10000000E+03   0.15004700E+06   0.10000000E-06
   150046.703   -0.55489008E+01  -0.43239253E+01  -0.24237101E+01   0.10000000E+03   0.15004700E+06   0.10000000E-06
   150046.797   -0.62835421E+01  -0.48854227E+01  -0.28982581E+01   0.10000000E+03   0.15004700E+06   0.10000000E-06
   150046.906   -0.67998883E+01  -0.52901738E+01  -0.32772766E+01   0.10000000E+03   0.15004700E+06   0.10000000E-06
   150047.000   -0.71102784E+01  -0.55028803E+01  -0.33855187E+01   0.10000000E+03   0.15004700E+06   0.10000000E-06
   150047.094   -0.40004506E+01  -0.32088844E+01  -0.19376150E+01   0.10000000E+03   0.15004800E+06   0.10000000E-06
   150047.203   -0.60321698E+01  -0.52043057E+01  -0.38395975E+01   0.10000000E+03   0.15004800E+06   0.10000000E-06
   150047.297   -0.79709708E+01  -0.71284098E+01  -0.57439054E+01   0.10000000E+03   0.15004800E+06   0.10000000E-06
   150047.406   -0.91385408E+01  -0.83281811E+01  -0.70166593E+01   0.10000000E+03   0.15004800E+06   0.10000000E-06
   150047.500   -0.10086867E+02  -0.92946673E+01  -0.80168752E+01   0.10000000E+03   0.15004800E+06   0.10000000E-06
   150047.594   -0.47394610E+01  -0.37715536E+01  -0.21456005E+01   0.10000000E+03   0.15004800E+06   0.10000000E-06
   150047.703   -0.56435280E+01  -0.44403460E+01  -0.25821400E+01   0.10000000E+03   0.15004800E+06   0.10000000E-06
   150047.797   -0.64672652E+01  -0.50930537E+01  -0.31242560E+01   0.10000000E+03   0.15004800E+06   0.10000000E-06
   150047.906   -0.69775191E+01  -0.54451922E+01  -0.33454580E+01   0.10000000E+03   0.15004800E+06   0.10000000E-06
   150048.000   -0.72474051E+01  -0.56051467E+01  -0.34883604E+01   0.10000000E+03   0.15004800E+06   0.10000000E-06
   150048.094   -0.40014015E+01  -0.32094069E+01  -0.19327153E+01   0.10000000E+03   0.15004900E+06   0.10000000E-06
   150048.203   -0.60287500E+01  -0.51993101E+01  -0.38307401E+01   0.10000000E+03   0.15004900E+06   0.10000000E-06
   150048.297   -0.79611523E+01  -0.71184158E+01  -0.57339780E+01   0.10000000E+03   0.15004900E+06   0.10000000E-06
   150048.406   -0.91274586E+01  -0.83162134E+01  -0.70036341E+01   0.10000000E+03   0.15004900E+06   0.10000000E-06
   150048.500   -0.98082291E+01  -0.90142558E+01  -0.77350374E+01   0.10000000E+03   0.15004900E+06   0.10000000E-06
   150048.594   -0.47767135E+01  -0.38108353E+01  -0.21751561E+01   0.10000000E+03   0.15004900E+06   0.10000000E-06
   150048.703   -0.57213412E+01  -0.45223110E+01  -0.26735705E+01   0.10000000E+03   0.15004900E+06   0.10000000E-06
   150048.797   -0.65883887E+01  -0.52078713E+01  -0.32123071E+01   0.10000000E+03   0.15004900E+06   0.10000000E-06
   150048.906   -0.70707198E+01  -0.55313871E+01  -0.34628432E+01   0.10000000E+03   0.15004900E+06   0.10000000E-06
   150049.000   -0.73369001E+01  -0.56836979E+01  -0.35557053E+01   0.10000000E+03   0.15004900E+06   0.10000000E-06
   150049.094   -0.40025181E+01  -0.32100285E+01  -0.19291183E+01   0.10000000E+03   0.15005000E+06   0.10000000E-06
   150049.203   -0.60185668E+01  -0.51870980E+01  -0.38147479E+01   0.10000000E+03   0.15005000E+06   0.10000000E-06
   150049.297   -0.79397137E+01  -0.70968376E+01  -0.57124683E+01   0.10000000E+03   0.15005000E+06   0.10000000E-06
   150049.406   -0.91216515E+01  -0.83089317E+01  -0.69961943E+01   0.10000000E+03   0.15005000E+06   0.10000000E-06
   150049.500   -0.96267470E+01  -0.88325506E+01  -0.75468598E+01   0.10000000E+03   0.15005000E+06   0.10000000E-06
   150049.594   -0.31999966E+01  -0.27438338E+01  -0.15079775E+01   0.10000000E+03   0.15005000E+06   0.10000000E-06
   150049.703   -0.35130597E+01  -0.30253752E+01  -0.17333782E+01   0.10000000E+03   0.15005000E+06   0.10000000E-06
   150049.797   -0.35586834E+01  -0.30254004E+01  -0.16697567E+01   0.10000000E+03   0.15005000E+06   0.10000000E-06
   150049.906   -0.35616266E+01  -0.30223434E+01  -0.17251999E+01   0.10000000E+03   0.15005000E+06   0.10000000E-06
   150050.000   -0.35624925E+01  -0.30166409E+01  -0.16424689E+01   0.10000000E+03   0.15005000E+06   0.10000000E-06
